MOUNT
WRITE_PERMIT
WRITE 0 33 55
WRITE 33 46 212
WRITE 79 198 4
READ 815041 599 0
WRITE 815041 1 17
WRITE 815042 220 18
WRITE 815262 21 19
WRITE 815283 14 20
WRITE 815297 34 21
WRITE 815331 7 22
READ 446900 509 0
WRITE 446900 427 46
WRITE 447327 151 47
WRITE 447478 203 48
WRITE 447681 37 49
WRITE 447718 386 50
WRITE 448104 40 51
WRITE 448144 327 52
WRITE 448471 406 53
WRITE 448877 365 54
WRITE 449242 77 55
WRITE 449319 97 56
WRITE 449416 17 57
WRITE 449433 43 58
WRITE 449476 66 59
WRITE 449542 6 60
WRITE 449548 8 61
WRITE 449556 3 62
WRITE 449559 1 63
WRITE 449560 1 64
READ 784080 361 0
WRITE 784080 188 189
WRITE 784268 148 190
WRITE 784416 22 191
WRITE 784438 222 192
WRITE 784660 98 193
WRITE 784758 272 194
WRITE 785030 46 195
WRITE 785076 270 196
WRITE 785346 61 197
WRITE 785407 38 198
WRITE 785445 2 199
WRITE 785447 1 200
WRITE 785448 1 201
READ 720653 584 0
WRITE 720653 303 60
WRITE 720956 1 61
WRITE 720957 299 62
WRITE 721256 384 63
WRITE 721640 29 64
WRITE 721669 106 65
WRITE 721775 141 66
WRITE 721916 54 67
WRITE 721970 5 68
WRITE 721975 1 69
WRITE 721976 2 70
READ 1037717 972 0
WRITE 1037717 465 35
READ 1037181 485 0
WRITE 1037181 58 60
READ 1037727 513 0
WRITE 1037727 425 79
READ 470797 765 0
WRITE 470797 174 154
WRITE 470971 86 155
WRITE 471057 109 156
WRITE 471166 4 157
WRITE 471170 60 158
WRITE 471230 79 159
READ 618925 208 0
WRITE 618925 341 254
WRITE 619266 241 255
WRITE 619507 151 0
WRITE 619658 242 1
WRITE 619900 171 2
WRITE 620071 21 3
WRITE 620092 346 4
WRITE 620438 364 5
WRITE 620802 151 6
WRITE 620953 81 7
WRITE 621034 104 8
WRITE 621138 251 9
WRITE 621389 291 10
WRITE 621680 44 11
WRITE 621724 286 12
WRITE 622010 187 13
WRITE 622197 260 14
WRITE 622457 260 15
WRITE 622717 377 16
WRITE 623094 380 17
WRITE 623474 34 18
WRITE 623508 29 19
WRITE 623537 237 20
WRITE 623774 121 21
WRITE 623895 272 22
WRITE 624167 265 23
WRITE 624432 37 24
WRITE 624469 3 25
WRITE 624472 157 26
WRITE 624629 29 27
WRITE 624658 58 28
WRITE 624716 25 29
WRITE 624741 4 30
WRITE 624745 5 31
WRITE 624750 1 32
READ 727758 119 0
WRITE 727758 28 189
WRITE 727786 450 190
WRITE 728236 60 191
WRITE 728296 25 192
WRITE 728321 4 193
READ 65121 282 0
WRITE 65121 135 4
WRITE 65256 228 5
WRITE 65484 13 6
WRITE 65497 59 7
WRITE 65556 251 8
WRITE 65807 227 9
WRITE 66034 148 10
WRITE 66182 79 11
WRITE 66261 238 12
WRITE 66499 166 13
WRITE 66665 1 14
WRITE 66666 2 15
READ 397537 782 0
WRITE 397537 215 124
READ 396607 731 0
WRITE 396607 426 73
READ 398207 193 0
WRITE 398207 883 117
READ 942794 500 0
WRITE 942794 165 131
WRITE 942959 17 132
WRITE 942976 118 133
READ 165404 407 0
WRITE 165404 64 131
WRITE 165468 436 132
WRITE 165904 286 133
WRITE 166190 258 134
WRITE 166448 261 135
WRITE 166709 261 136
WRITE 166970 27 137
WRITE 166997 560 138
WRITE 167557 315 139
WRITE 167872 219 140
WRITE 168091 275 141
WRITE 168366 397 142
WRITE 168763 1 143
WRITE 168764 5 144
WRITE 168769 19 145
WRITE 168788 1 146
WRITE 168789 6 147
WRITE 168795 20 148
WRITE 168815 3 149
WRITE 168818 1 150
READ 1013482 444 0
WRITE 1013482 15 160
WRITE 1013497 13 161
WRITE 1013510 24 162
WRITE 1013534 34 163
WRITE 1013568 29 164
WRITE 1013597 18 165
WRITE 1013615 4 166
WRITE 1013619 14 167
WRITE 1013633 17 168
WRITE 1013650 32 169
WRITE 1013682 14 170
WRITE 1013696 7 171
WRITE 1013703 9 172
WRITE 1013712 17 173
WRITE 1013729 24 174
WRITE 1013753 7 175
WRITE 1013760 20 176
WRITE 1013780 4 177
WRITE 1013784 30 178
WRITE 1013814 31 179
WRITE 1013845 13 180
WRITE 1013858 1 181
WRITE 1013859 1 182
WRITE 1013860 1 183
WRITE 1013861 23 184
WRITE 1013884 10 185
WRITE 1013894 10 186
WRITE 1013904 16 187
WRITE 1013920 4 188
WRITE 1013924 10 189
WRITE 1013934 20 190
WRITE 1013954 30 191
WRITE 1013984 16 192
WRITE 1014000 18 193
WRITE 1014018 9 194
WRITE 1014027 27 195
WRITE 1014054 10 196
WRITE 1014064 1 197
WRITE 1014065 8 198
WRITE 1014073 1 199
WRITE 1014074 3 200
WRITE 1014077 7 201
WRITE 1014084 34 202
WRITE 1014118 26 203
WRITE 1014144 10 204
WRITE 1014154 13 205
WRITE 1014167 6 206
WRITE 1014173 29 207
WRITE 1014202 14 208
WRITE 1014216 20 209
WRITE 1014236 15 210
WRITE 1014251 27 211
WRITE 1014278 17 212
WRITE 1014295 12 213
WRITE 1014307 25 214
WRITE 1014332 3 215
WRITE 1014335 17 216
WRITE 1014352 8 217
WRITE 1014360 1 218
WRITE 1014361 1 219
WRITE 1014362 2 220
READ 458738 574 0
WRITE 458738 53 116
WRITE 458791 328 117
WRITE 459119 20 118
WRITE 459139 264 119
WRITE 459403 30 120
WRITE 459433 10 121
WRITE 459443 9 122
WRITE 459452 1 123
READ 544925 215 0
WRITE 544925 70 238
READ 544916 603 0
WRITE 544916 213 64
READ 544452 948 0
WRITE 544452 800 99
READ 1026800 617 0
WRITE 1026800 434 138
WRITE 1027234 88 139
WRITE 1027322 2 140
WRITE 1027324 167 141
WRITE 1027491 19 142
WRITE 1027510 19 143
WRITE 1027529 6 144
WRITE 1027535 3 145
WRITE 1027538 9 146
WRITE 1027547 1 147
READ 912873 181 0
WRITE 912873 961 55
WRITE 913834 788 56
WRITE 914622 120 57
WRITE 914742 839 58
WRITE 915581 80 59
WRITE 915661 523 60
WRITE 916184 95 61
WRITE 916279 3 62
READ 904672 262 0
WRITE 904672 277 180
WRITE 904949 27 181
WRITE 904976 65 182
WRITE 905041 176 183
WRITE 905217 222 184
WRITE 905439 302 185
WRITE 905741 32 186
WRITE 905773 24 187
WRITE 905797 4 188
WRITE 905801 1 189
READ 982997 565 0
WRITE 982997 236 86
WRITE 983233 166 87
WRITE 983399 26 88
WRITE 983425 402 89
WRITE 983827 412 90
WRITE 984239 217 91
WRITE 984456 3 92
WRITE 984459 10 93
WRITE 984469 29 94
WRITE 984498 26 95
WRITE 984524 2 96
WRITE 984526 2 97
WRITE 984528 1 98
READ 905663 923 0
WRITE 905663 764 23
READ 907355 284 0
WRITE 907355 767 103
READ 908370 794 0
WRITE 908370 746 198
READ 789116 445 0
WRITE 789116 232 13
WRITE 789348 192 14
WRITE 789540 311 15
WRITE 789851 105 16
WRITE 789956 79 17
WRITE 790035 20 18
WRITE 790055 2 19
WRITE 790057 25 20
WRITE 790082 1 21
READ 973963 909 0
WRITE 973963 195 127
WRITE 974158 654 128
WRITE 974812 400 129
WRITE 975212 543 130
WRITE 975755 3 131
WRITE 975758 22 132
WRITE 975780 16 133
WRITE 975796 3 134
WRITE 975799 1 135
READ 440793 154 0
WRITE 440793 142 84
WRITE 440935 59 85
WRITE 440994 12 86
WRITE 441006 37 87
WRITE 441043 37 88
WRITE 441080 242 89
WRITE 441322 114 90
WRITE 441436 285 91
WRITE 441721 138 92
WRITE 441859 282 93
WRITE 442141 1 94
WRITE 442142 108 95
WRITE 442250 6 96
WRITE 442256 19 97
WRITE 442275 8 98
WRITE 442283 5 99
WRITE 442288 1 100
WRITE 442289 1 101
READ 655189 398 0
WRITE 655189 126 36
WRITE 655315 292 37
WRITE 655607 39 38
WRITE 655646 94 39
WRITE 655740 9 40
WRITE 655749 2 41
READ 503050 985 0
WRITE 503050 422 151
READ 503182 618 0
WRITE 503182 228 220
READ 503120 789 0
WRITE 503120 683 17
READ 645864 544 0
WRITE 645864 125 120
WRITE 645989 223 121
WRITE 646212 99 122
WRITE 646311 120 123
WRITE 646431 199 124
WRITE 646630 78 125
WRITE 646708 134 126
WRITE 646842 251 127
WRITE 647093 254 128
WRITE 647347 126 129
WRITE 647473 100 130
WRITE 647573 35 131
WRITE 647608 33 132
WRITE 647641 4 133
WRITE 647645 180 134
WRITE 647825 104 135
WRITE 647929 63 136
WRITE 647992 6 137
WRITE 647998 106 138
WRITE 648104 1 139
WRITE 648105 1 140
WRITE 648106 2 141
WRITE 648108 1 142
READ 442029 546 0
WRITE 442029 44 56
WRITE 442073 73 57
WRITE 442146 9 58
WRITE 442155 101 59
WRITE 442256 242 60
WRITE 442498 56 61
WRITE 442554 159 62
WRITE 442713 177 63
WRITE 442890 335 64
WRITE 443225 304 65
WRITE 443529 296 66
WRITE 443825 127 67
WRITE 443952 125 68
WRITE 444077 11 69
WRITE 444088 9 70
WRITE 444097 4 71
WRITE 444101 1 72
READ 923127 659 0
WRITE 923127 68 57
WRITE 923195 18 58
WRITE 923213 126 59
WRITE 923339 19 60
WRITE 923358 51 61
WRITE 923409 77 62
READ 786332 323 0
WRITE 786332 105 131
WRITE 786437 305 132
WRITE 786742 285 133
WRITE 787027 77 134
WRITE 787104 141 135
WRITE 787245 220 136
WRITE 787465 266 137
WRITE 787731 105 138
WRITE 787836 206 139
WRITE 788042 116 140
WRITE 788158 213 141
WRITE 788371 290 142
WRITE 788661 1 143
WRITE 788662 6 144
READ 988762 1017 0
WRITE 988762 385 142
READ 989384 709 0
WRITE 989384 479 16
READ 987522 86 0
WRITE 987522 534 22
READ 795546 444 0
WRITE 795546 42 36
WRITE 795588 336 37
WRITE 795924 426 38
WRITE 796350 391 39
WRITE 796741 387 40
WRITE 797128 40 41
WRITE 797168 148 42
WRITE 797316 34 43
WRITE 797350 138 44
WRITE 797488 72 45
WRITE 797560 32 46
WRITE 797592 19 47
WRITE 797611 24 48
WRITE 797635 17 49
READ 136613 83 0
WRITE 136613 205 140
WRITE 136818 434 141
WRITE 137252 236 142
WRITE 137488 344 143
WRITE 137832 210 144
WRITE 138042 371 145
WRITE 138413 54 146
WRITE 138467 188 147
WRITE 138655 226 148
WRITE 138881 290 149
WRITE 139171 395 150
WRITE 139566 210 151
WRITE 139776 89 152
WRITE 139865 23 153
WRITE 139888 4 154
WRITE 139892 8 155
WRITE 139900 9 156
WRITE 139909 4 157
WRITE 139913 15 158
WRITE 139928 1 159
READ 123109 632 0
WRITE 123109 313 3
WRITE 123422 143 4
WRITE 123565 76 5
WRITE 123641 44 6
WRITE 123685 190 7
WRITE 123875 180 8
WRITE 124055 354 9
WRITE 124409 163 10
WRITE 124572 152 11
WRITE 124724 74 12
WRITE 124798 29 13
WRITE 124827 12 14
WRITE 124839 21 15
WRITE 124860 32 16
WRITE 124892 2 17
READ 786189 693 0
WRITE 786189 542 94
WRITE 786731 96 95
WRITE 786827 21 96
WRITE 786848 27 97
WRITE 786875 172 98
WRITE 787047 84 99
WRITE 787131 56 100
READ 283874 506 0
WRITE 283874 772 18
READ 284025 494 0
WRITE 284025 126 93
READ 285831 530 0
WRITE 285831 976 247
READ 28793 206 0
WRITE 28793 9 249
WRITE 28802 65 250
WRITE 28867 176 251
WRITE 29043 34 252
WRITE 29077 53 253
WRITE 29130 454 254
READ 745307 249 0
WRITE 745307 876 137
WRITE 746183 214 138
WRITE 746397 808 139
WRITE 747205 789 140
WRITE 747994 937 141
WRITE 748931 662 142
WRITE 749593 784 143
WRITE 750377 33 144
WRITE 750410 2 145
WRITE 750412 8 146
READ 293357 275 0
WRITE 293357 131 218
WRITE 293488 27 219
WRITE 293515 32 220
WRITE 293547 88 221
WRITE 293635 47 222
WRITE 293682 17 223
WRITE 293699 49 224
WRITE 293748 39 225
WRITE 293787 9 226
WRITE 293796 52 227
WRITE 293848 6 228
WRITE 293854 12 229
WRITE 293866 33 230
WRITE 293899 104 231
WRITE 294003 5 232
WRITE 294008 41 233
WRITE 294049 12 234
WRITE 294061 4 235
WRITE 294065 2 236
WRITE 294067 1 237
WRITE 294068 1 238
READ 196141 823 0
WRITE 196141 89 233
WRITE 196230 24 234
WRITE 196254 25 235
WRITE 196279 62 236
WRITE 196341 24 237
WRITE 196365 65 238
WRITE 196430 120 239
WRITE 196550 62 240
WRITE 196612 86 241
WRITE 196698 11 242
WRITE 196709 106 243
WRITE 196815 113 244
WRITE 196928 58 245
WRITE 196986 43 246
WRITE 197029 95 247
WRITE 197124 63 248
WRITE 197187 44 249
WRITE 197231 101 250
WRITE 197332 20 251
WRITE 197352 66 252
WRITE 197418 22 253
WRITE 197440 30 254
WRITE 197470 112 255
WRITE 197582 64 0
WRITE 197646 34 1
WRITE 197680 119 2
WRITE 197799 90 3
WRITE 197889 67 4
WRITE 197956 87 5
WRITE 198043 30 6
WRITE 198073 21 7
WRITE 198094 93 8
WRITE 198187 15 9
WRITE 198202 29 10
WRITE 198231 5 11
WRITE 198236 2 12
WRITE 198238 1 13
READ 46367 284 0
WRITE 46367 461 175
READ 44957 160 0
WRITE 44957 108 99
READ 46956 210 0
WRITE 46956 127 28
READ 256665 23 0
WRITE 256665 303 223
WRITE 256968 224 224
WRITE 257192 295 225
WRITE 257487 76 226
WRITE 257563 158 227
WRITE 257721 327 228
WRITE 258048 235 229
WRITE 258283 305 230
WRITE 258588 23 231
WRITE 258611 9 232
WRITE 258620 1 233
WRITE 258621 4 234
WRITE 258625 3 235
READ 106180 476 0
WRITE 106180 518 6
WRITE 106698 723 7
WRITE 107421 604 8
WRITE 108025 224 9
WRITE 108249 75 10
WRITE 108324 28 11
WRITE 108352 2 12
WRITE 108354 104 13
WRITE 108458 19 14
WRITE 108477 4 15
WRITE 108481 1 16
WRITE 108482 1 17
WRITE 108483 1 18
READ 393205 735 0
WRITE 393205 43 102
WRITE 393248 10 103
WRITE 393258 105 104
WRITE 393363 54 105
WRITE 393417 267 106
WRITE 393684 225 107
WRITE 393909 229 108
WRITE 394138 97 109
WRITE 394235 9 110
WRITE 394244 151 111
WRITE 394395 23 112
WRITE 394418 326 113
WRITE 394744 186 114
WRITE 394930 12 115
WRITE 394942 11 116
WRITE 394953 13 117
WRITE 394966 12 118
WRITE 394978 1 119
READ 131023 590 0
WRITE 131023 544 64
WRITE 131567 353 65
WRITE 131920 31 66
WRITE 131951 24 67
WRITE 131975 19 68
WRITE 131994 1 69
WRITE 131995 5 70
READ 998414 428 0
WRITE 998414 195 252
READ 999102 536 0
WRITE 999102 169 64
READ 998557 179 0
WRITE 998557 435 7
READ 213566 101 0
WRITE 213566 42 106
WRITE 213608 60 107
WRITE 213668 23 108
WRITE 213691 9 109
WRITE 213700 56 110
WRITE 213756 71 111
WRITE 213827 31 112
WRITE 213858 43 113
WRITE 213901 65 114
WRITE 213966 55 115
WRITE 214021 4 116
READ 1001784 187 0
WRITE 1001784 41 214
WRITE 1001825 12 215
WRITE 1001837 501 216
WRITE 1002338 310 217
WRITE 1002648 195 218
WRITE 1002843 446 219
WRITE 1003289 80 220
WRITE 1003369 25 221
WRITE 1003394 504 222
WRITE 1003898 383 223
WRITE 1004281 147 224
WRITE 1004428 323 225
WRITE 1004751 136 226
WRITE 1004887 203 227
WRITE 1005090 71 228
WRITE 1005161 427 229
WRITE 1005588 9 230
WRITE 1005597 98 231
WRITE 1005695 115 232
WRITE 1005810 12 233
WRITE 1005822 13 234
READ 792281 698 0
WRITE 792281 102 232
WRITE 792383 38 233
WRITE 792421 134 234
WRITE 792555 302 235
WRITE 792857 8 236
WRITE 792865 11 237
WRITE 792876 11 238
WRITE 792887 1 239
READ 261697 108 0
WRITE 261697 41 64
WRITE 261738 87 65
WRITE 261825 23 66
WRITE 261848 182 67
WRITE 262030 170 68
WRITE 262200 9 69
WRITE 262209 71 70
WRITE 262280 66 71
WRITE 262346 5 72
WRITE 262351 30 73
WRITE 262381 2 74
READ 155743 48 0
WRITE 155743 365 34
READ 155276 875 0
WRITE 155276 730 80
READ 158145 140 0
WRITE 158145 525 49
READ 982734 649 0
WRITE 982734 302 152
WRITE 983036 289 153
WRITE 983325 18 154
WRITE 983343 179 155
WRITE 983522 241 156
WRITE 983763 57 157
WRITE 983820 273 158
WRITE 984093 32 159
WRITE 984125 248 160
WRITE 984373 191 161
WRITE 984564 288 162
WRITE 984852 34 163
WRITE 984886 83 164
WRITE 984969 1 165
WRITE 984970 3 166
WRITE 984973 2 167
WRITE 984975 1 168
READ 198321 371 0
WRITE 198321 93 246
WRITE 198414 242 247
WRITE 198656 492 248
WRITE 199148 358 249
WRITE 199506 281 250
WRITE 199787 516 251
WRITE 200303 290 252
WRITE 200593 596 253
WRITE 201189 247 254
WRITE 201436 529 255
WRITE 201965 433 0
WRITE 202398 299 1
WRITE 202697 459 2
WRITE 203156 20 3
WRITE 203176 136 4
WRITE 203312 227 5
WRITE 203539 57 6
WRITE 203596 1 7
WRITE 203597 19 8
WRITE 203616 2 9
WRITE 203618 4 10
WRITE 203622 1 11
READ 391376 469 0
WRITE 391376 170 35
WRITE 391546 100 36
WRITE 391646 80 37
WRITE 391726 70 38
WRITE 391796 70 39
WRITE 391866 130 40
WRITE 391996 118 41
WRITE 392114 21 42
WRITE 392135 99 43
WRITE 392234 142 44
WRITE 392376 36 45
WRITE 392412 1 46
READ 720849 126 0
WRITE 720849 449 216
WRITE 721298 286 217
WRITE 721584 125 218
WRITE 721709 36 219
WRITE 721745 11 220
WRITE 721756 2 221
READ 757471 425 0
WRITE 757471 672 62
READ 758983 980 0
WRITE 758983 380 89
READ 757745 633 0
WRITE 757745 626 65
READ 420207 908 0
WRITE 420207 31 151
WRITE 420238 398 152
WRITE 420636 29 153
WRITE 420665 6 154
WRITE 420671 30 155
WRITE 420701 21 156
WRITE 420722 1 157
WRITE 420723 1 158
READ 810852 816 0
WRITE 810852 215 9
WRITE 811067 98 10
WRITE 811165 2 11
WRITE 811167 14 12
WRITE 811181 266 13
WRITE 811447 77 14
WRITE 811524 98 15
WRITE 811622 42 16
WRITE 811664 135 17
WRITE 811799 216 18
WRITE 812015 245 19
WRITE 812260 3 20
WRITE 812263 143 21
WRITE 812406 156 22
WRITE 812562 149 23
WRITE 812711 124 24
WRITE 812835 105 25
WRITE 812940 132 26
WRITE 813072 29 27
WRITE 813101 42 28
WRITE 813143 165 29
WRITE 813308 149 30
WRITE 813457 20 31
WRITE 813477 10 32
WRITE 813487 1 33
WRITE 813488 3 34
READ 602874 701 0
WRITE 602874 164 42
WRITE 603038 175 43
WRITE 603213 2 44
WRITE 603215 31 45
WRITE 603246 331 46
WRITE 603577 157 47
WRITE 603734 383 48
WRITE 604117 279 49
WRITE 604396 96 50
WRITE 604492 220 51
WRITE 604712 15 52
WRITE 604727 13 53
WRITE 604740 3 54
READ 261832 121 0
WRITE 261832 112 194
WRITE 261944 79 195
WRITE 262023 163 196
WRITE 262186 18 197
WRITE 262204 115 198
WRITE 262319 24 199
WRITE 262343 109 200
WRITE 262452 119 201
WRITE 262571 160 202
WRITE 262731 9 203
WRITE 262740 3 204
WRITE 262743 2 205
READ 315233 457 0
WRITE 315233 998 188
READ 315126 151 0
WRITE 315126 376 175
READ 314805 40 0
WRITE 314805 337 245
READ 389363 963 0
WRITE 389363 144 107
WRITE 389507 91 108
WRITE 389598 56 109
WRITE 389654 142 110
WRITE 389796 119 111
WRITE 389915 55 112
WRITE 389970 115 113
WRITE 390085 75 114
WRITE 390160 68 115
WRITE 390228 73 116
WRITE 390301 94 117
WRITE 390395 114 118
WRITE 390509 37 119
WRITE 390546 31 120
WRITE 390577 106 121
WRITE 390683 60 122
WRITE 390743 24 123
WRITE 390767 133 124
WRITE 390900 49 125
WRITE 390949 43 126
WRITE 390992 67 127
WRITE 391059 64 128
WRITE 391123 5 129
WRITE 391128 51 130
WRITE 391179 62 131
WRITE 391241 28 132
WRITE 391269 75 133
WRITE 391344 6 134
WRITE 391350 1 135
WRITE 391351 3 136
READ 430042 57 0
WRITE 430042 295 188
WRITE 430337 451 189
WRITE 430788 224 190
WRITE 431012 36 191
WRITE 431048 93 192
WRITE 431141 224 193
WRITE 431365 4 194
WRITE 431369 12 195
READ 658161 1013 0
WRITE 658161 114 121
WRITE 658275 355 122
WRITE 658630 4 123
WRITE 658634 93 124
WRITE 658727 64 125
WRITE 658791 4 126
WRITE 658795 2 127
READ 851460 509 0
WRITE 851460 61 29
WRITE 851521 386 30
WRITE 851907 516 31
WRITE 852423 179 32
WRITE 852602 455 33
WRITE 853057 163 34
WRITE 853220 307 35
WRITE 853527 322 36
WRITE 853849 4 37
WRITE 853853 2 38
WRITE 853855 4 39
READ 148837 488 0
WRITE 148837 343 153
READ 148109 701 0
WRITE 148109 467 158
READ 146899 243 0
WRITE 146899 971 123
READ 502214 942 0
WRITE 502214 250 44
WRITE 502464 302 45
WRITE 502766 173 46
WRITE 502939 126 47
WRITE 503065 46 48
WRITE 503111 308 49
WRITE 503419 223 50
WRITE 503642 121 51
WRITE 503763 187 52
WRITE 503950 118 53
WRITE 504068 92 54
WRITE 504160 266 55
WRITE 504426 77 56
WRITE 504503 10 57
WRITE 504513 4 58
WRITE 504517 1 59
READ 870470 938 0
WRITE 870470 257 229
WRITE 870727 60 230
WRITE 870787 158 231
WRITE 870945 581 232
WRITE 871526 599 233
WRITE 872125 50 234
WRITE 872175 150 235
WRITE 872325 16 236
WRITE 872341 2 237
WRITE 872343 7 238
WRITE 872350 1 239
WRITE 872351 3 240
WRITE 872354 2 241
WRITE 872356 1 242
READ 492027 527 0
WRITE 492027 177 46
WRITE 492204 57 47
WRITE 492261 59 48
WRITE 492320 152 49
WRITE 492472 119 50
WRITE 492591 205 51
WRITE 492796 39 52
WRITE 492835 1 53
READ 458503 507 0
WRITE 458503 212 212
WRITE 458715 180 213
WRITE 458895 91 214
WRITE 458986 146 215
WRITE 459132 283 216
WRITE 459415 45 217
WRITE 459460 5 218
WRITE 459465 410 219
WRITE 459875 245 220
WRITE 460120 247 221
WRITE 460367 11 222
WRITE 460378 19 223
READ 226348 958 0
WRITE 226348 904 122
READ 224375 325 0
WRITE 224375 170 193
READ 225910 906 0
WRITE 225910 137 130
READ 68473 836 0
WRITE 68473 18 28
WRITE 68491 11 29
WRITE 68502 10 30
WRITE 68512 16 31
WRITE 68528 11 32
WRITE 68539 57 33
WRITE 68596 11 34
WRITE 68607 21 35
WRITE 68628 64 36
WRITE 68692 18 37
WRITE 68710 50 38
WRITE 68760 32 39
WRITE 68792 22 40
WRITE 68814 42 41
WRITE 68856 41 42
WRITE 68897 6 43
WRITE 68903 18 44
WRITE 68921 5 45
WRITE 68926 43 46
WRITE 68969 26 47
WRITE 68995 4 48
READ 208920 978 0
WRITE 208920 13 245
WRITE 208933 302 246
WRITE 209235 153 247
WRITE 209388 81 248
WRITE 209469 299 249
WRITE 209768 203 250
WRITE 209971 235 251
WRITE 210206 128 252
WRITE 210334 43 253
WRITE 210377 199 254
WRITE 210576 1 255
WRITE 210577 26 0
WRITE 210603 39 1
WRITE 210642 4 2
WRITE 210646 2 3
WRITE 210648 2 4
READ 115421 470 0
WRITE 115421 361 208
WRITE 115782 380 209
WRITE 116162 140 210
WRITE 116302 13 211
WRITE 116315 27 212
WRITE 116342 17 213
WRITE 116359 2 214
READ 130821 915 0
WRITE 130821 392 181
WRITE 131213 151 182
WRITE 131364 412 183
WRITE 131776 342 184
WRITE 132118 379 185
WRITE 132497 166 186
WRITE 132663 45 187
WRITE 132708 3 188
WRITE 132711 108 189
WRITE 132819 7 190
WRITE 132826 2 191
READ 288376 494 0
WRITE 288376 995 94
READ 288543 73 0
WRITE 288543 809 216
READ 290188 1008 0
WRITE 290188 756 108
READ 527720 437 0
WRITE 527720 46 140
WRITE 527766 146 141
WRITE 527912 91 142
WRITE 528003 1 143
WRITE 528004 230 144
WRITE 528234 250 145
WRITE 528484 167 146
WRITE 528651 90 147
WRITE 528741 26 148
WRITE 528767 138 149
WRITE 528905 156 150
WRITE 529061 238 151
WRITE 529299 167 152
WRITE 529466 30 153
WRITE 529496 271 154
WRITE 529767 40 155
WRITE 529807 1 156
WRITE 529808 1 157
WRITE 529809 1 158
READ 933737 793 0
WRITE 933737 447 148
WRITE 934184 824 149
WRITE 935008 141 150
WRITE 935149 12 151
WRITE 935161 29 152
WRITE 935190 4 153
WRITE 935194 1 154
WRITE 935195 1 155
READ 28878 812 0
WRITE 28878 176 51
WRITE 29054 51 52
WRITE 29105 158 53
WRITE 29263 6 54
WRITE 29269 13 55
WRITE 29282 6 56
WRITE 29288 1 57
WRITE 29289 7 58
WRITE 29296 14 59
WRITE 29310 1 60
READ 654859 306 0
WRITE 654859 58 194
WRITE 654917 304 195
WRITE 655221 429 196
WRITE 655650 512 197
WRITE 656162 267 198
WRITE 656429 135 199
WRITE 656564 597 200
WRITE 657161 120 201
WRITE 657281 3 202
WRITE 657284 18 203
WRITE 657302 20 204
WRITE 657322 18 205
WRITE 657340 2 206
WRITE 657342 2 207
WRITE 657344 13 208
WRITE 657357 1 209
READ 510655 98 0
WRITE 510655 445 157
READ 510888 402 0
WRITE 510888 471 56
READ 512167 665 0
WRITE 512167 166 90
READ 144508 258 0
WRITE 144508 25 10
WRITE 144533 70 11
WRITE 144603 10 12
WRITE 144613 48 13
WRITE 144661 87 14
WRITE 144748 20 15
WRITE 144768 17 16
WRITE 144785 7 17
WRITE 144792 84 18
WRITE 144876 16 19
WRITE 144892 37 20
WRITE 144929 108 21
WRITE 145037 1 22
WRITE 145038 91 23
WRITE 145129 48 24
WRITE 145177 77 25
WRITE 145254 77 26
WRITE 145331 77 27
WRITE 145408 72 28
WRITE 145480 57 29
WRITE 145537 31 30
WRITE 145568 38 31
WRITE 145606 8 32
WRITE 145614 64 33
WRITE 145678 37 34
WRITE 145715 64 35
WRITE 145779 104 36
WRITE 145883 63 37
WRITE 145946 2 38
WRITE 145948 85 39
WRITE 146033 103 40
WRITE 146136 90 41
WRITE 146226 24 42
WRITE 146250 37 43
WRITE 146287 32 44
WRITE 146319 107 45
WRITE 146426 42 46
WRITE 146468 69 47
WRITE 146537 56 48
WRITE 146593 45 49
WRITE 146638 35 50
WRITE 146673 53 51
WRITE 146726 51 52
WRITE 146777 58 53
WRITE 146835 79 54
WRITE 146914 36 55
WRITE 146950 12 56
READ 383614 690 0
WRITE 383614 425 134
WRITE 384039 229 135
WRITE 384268 460 136
WRITE 384728 271 137
WRITE 384999 166 138
WRITE 385165 426 139
WRITE 385591 658 140
WRITE 386249 88 141
WRITE 386337 112 142
WRITE 386449 145 143
WRITE 386594 17 144
WRITE 386611 26 145
WRITE 386637 5 146
READ 538364 104 0
WRITE 538364 398 175
WRITE 538762 356 176
WRITE 539118 411 177
WRITE 539529 109 178
WRITE 539638 339 179
WRITE 539977 186 180
WRITE 540163 10 181
WRITE 540173 6 182
WRITE 540179 2 183
READ 655159 665 0
WRITE 655159 448 44
WRITE 655607 115 45
WRITE 655722 64 46
WRITE 655786 18 47
WRITE 655804 23 48
WRITE 655827 14 49
WRITE 655841 1 50
WRITE 655842 1 51
READ 1038809 682 0
WRITE 1038809 980 101
READ 1038095 536 0
WRITE 1038095 182 176
READ 1038893 368 0
WRITE 1038893 795 252
READ 385391 427 0
WRITE 385391 220 152
WRITE 385611 174 153
WRITE 385785 93 154
WRITE 385878 7 155
WRITE 385885 28 156
WRITE 385913 139 157
WRITE 386052 114 158
WRITE 386166 157 159
WRITE 386323 58 160
WRITE 386381 126 161
WRITE 386507 102 162
WRITE 386609 176 163
WRITE 386785 74 164
WRITE 386859 197 165
WRITE 387056 28 166
WRITE 387084 106 167
WRITE 387190 2 168
WRITE 387192 14 169
READ 977051 285 0
WRITE 977051 131 218
WRITE 977182 337 219
WRITE 977519 54 220
WRITE 977573 100 221
WRITE 977673 2 222
WRITE 977675 40 223
WRITE 977715 236 224
WRITE 977951 2 225
WRITE 977953 283 226
WRITE 978236 2 227
WRITE 978238 138 228
WRITE 978376 188 229
WRITE 978564 298 230
WRITE 978862 233 231
WRITE 979095 127 232
WRITE 979222 292 233
WRITE 979514 19 234
WRITE 979533 307 235
WRITE 979840 171 236
WRITE 980011 217 237
WRITE 980228 173 238
WRITE 980401 270 239
WRITE 980671 44 240
WRITE 980715 119 241
WRITE 980834 134 242
WRITE 980968 315 243
WRITE 981283 173 244
WRITE 981456 103 245
WRITE 981559 10 246
WRITE 981569 1 247
WRITE 981570 2 248
WRITE 981572 1 249
READ 762836 279 0
WRITE 762836 75 17
WRITE 762911 3 18
WRITE 762914 62 19
WRITE 762976 78 20
WRITE 763054 36 21
WRITE 763090 31 22
WRITE 763121 182 23
WRITE 763303 29 24
WRITE 763332 46 25
WRITE 763378 103 26
WRITE 763481 72 27
WRITE 763553 145 28
WRITE 763698 112 29
WRITE 763810 37 30
WRITE 763847 153 31
WRITE 764000 25 32
WRITE 764025 13 33
WRITE 764038 13 34
WRITE 764051 19 35
WRITE 764070 3 36
READ 720564 296 0
WRITE 720564 3 252
WRITE 720567 84 253
WRITE 720651 58 254
WRITE 720709 55 255
WRITE 720764 59 0
WRITE 720823 19 1
WRITE 720842 81 2
WRITE 720923 94 3
WRITE 721017 107 4
WRITE 721124 43 5
WRITE 721167 38 6
WRITE 721205 81 7
WRITE 721286 97 8
WRITE 721383 122 9
WRITE 721505 28 10
WRITE 721533 77 11
WRITE 721610 8 12
WRITE 721618 27 13
WRITE 721645 40 14
WRITE 721685 43 15
WRITE 721728 121 16
WRITE 721849 7 17
WRITE 721856 21 18
WRITE 721877 10 19
WRITE 721887 1 20
WRITE 721888 1 21
READ 251359 576 0
WRITE 251359 912 3
READ 251053 484 0
WRITE 251053 638 234
READ 251633 262 0
WRITE 251633 665 223
READ 889900 262 0
WRITE 889900 188 187
WRITE 890088 151 188
WRITE 890239 73 189
WRITE 890312 27 190
WRITE 890339 9 191
WRITE 890348 10 192
WRITE 890358 1 193
WRITE 890359 4 194
WRITE 890363 1 195
READ 203721 181 0
WRITE 203721 93 215
WRITE 203814 379 216
WRITE 204193 292 217
WRITE 204485 319 218
WRITE 204804 234 219
WRITE 205038 620 220
WRITE 205658 64 221
WRITE 205722 600 222
WRITE 206322 457 223
WRITE 206779 88 224
WRITE 206867 31 225
WRITE 206898 23 226
WRITE 206921 1 227
READ 513527 661 0
WRITE 513527 5 98
WRITE 513532 20 99
WRITE 513552 4 100
WRITE 513556 4 101
WRITE 513560 31 102
WRITE 513591 15 103
WRITE 513606 8 104
WRITE 513614 27 105
WRITE 513641 30 106
WRITE 513671 26 107
WRITE 513697 16 108
WRITE 513713 10 109
WRITE 513723 2 110
WRITE 513725 1 111
WRITE 513726 27 112
WRITE 513753 14 113
WRITE 513767 15 114
WRITE 513782 22 115
WRITE 513804 16 116
WRITE 513820 26 117
WRITE 513846 12 118
WRITE 513858 7 119
WRITE 513865 21 120
WRITE 513886 11 121
WRITE 513897 9 122
WRITE 513906 9 123
WRITE 513915 4 124
WRITE 513919 28 125
WRITE 513947 23 126
WRITE 513970 17 127
WRITE 513987 12 128
WRITE 513999 15 129
WRITE 514014 24 130
WRITE 514038 4 131
WRITE 514042 10 132
WRITE 514052 29 133
WRITE 514081 28 134
WRITE 514109 14 135
WRITE 514123 11 136
WRITE 514134 3 137
WRITE 514137 20 138
WRITE 514157 18 139
WRITE 514175 18 140
WRITE 514193 20 141
WRITE 514213 8 142
WRITE 514221 26 143
WRITE 514247 9 144
WRITE 514256 5 145
WRITE 514261 10 146
WRITE 514271 22 147
WRITE 514293 7 148
WRITE 514300 10 149
WRITE 514310 18 150
WRITE 514328 9 151
WRITE 514337 23 152
WRITE 514360 29 153
WRITE 514389 14 154
WRITE 514403 24 155
WRITE 514427 8 156
WRITE 514435 3 157
WRITE 514438 24 158
WRITE 514462 21 159
WRITE 514483 27 160
WRITE 514510 25 161
WRITE 514535 25 162
WRITE 514560 18 163
WRITE 514578 3 164
WRITE 514581 15 165
WRITE 514596 32 166
WRITE 514628 17 167
WRITE 514645 15 168
READ 589807 973 0
WRITE 589807 319 45
WRITE 590126 229 46
WRITE 590355 149 47
WRITE 590504 415 48
WRITE 590919 434 49
WRITE 591353 21 50
WRITE 591374 3 51
WRITE 591377 11 52
WRITE 591388 1 53
WRITE 591389 2 54
WRITE 591391 2 55
READ 567249 1024 0
WRITE 567249 79 98
READ 566551 114 0
WRITE 566551 69 71
READ 567349 938 0
WRITE 567349 127 251
READ 197370 428 0
WRITE 197370 74 139
WRITE 197444 203 140
WRITE 197647 52 141
WRITE 197699 143 142
WRITE 197842 52 143
WRITE 197894 236 144
WRITE 198130 123 145
WRITE 198253 4 146
WRITE 198257 48 147
WRITE 198305 12 148
WRITE 198317 3 149
WRITE 198320 6 150
WRITE 198326 2 151
WRITE 198328 2 152
WRITE 198330 2 153
READ 971645 40 0
WRITE 971645 217 101
WRITE 971862 198 102
WRITE 972060 485 103
WRITE 972545 450 104
WRITE 972995 9 105
WRITE 973004 42 106
WRITE 973046 65 107
WRITE 973111 4 108
READ 606920 554 0
WRITE 606920 38 182
WRITE 606958 51 183
WRITE 607009 49 184
WRITE 607058 51 185
WRITE 607109 20 186
WRITE 607129 31 187
WRITE 607160 43 188
WRITE 607203 12 189
WRITE 607215 4 190
WRITE 607219 14 191
WRITE 607233 17 192
WRITE 607250 56 193
WRITE 607306 37 194
WRITE 607343 43 195
WRITE 607386 18 196
WRITE 607404 57 197
WRITE 607461 43 198
WRITE 607504 5 199
WRITE 607509 41 200
WRITE 607550 25 201
WRITE 607575 5 202
WRITE 607580 38 203
WRITE 607618 40 204
WRITE 607658 30 205
WRITE 607688 17 206
WRITE 607705 1 207
WRITE 607706 10 208
WRITE 607716 3 209
WRITE 607719 1 210
READ 589737 950 0
WRITE 589737 252 13
WRITE 589989 253 14
WRITE 590242 256 15
WRITE 590498 365 16
WRITE 590863 8 17
WRITE 590871 120 18
WRITE 590991 4 19
WRITE 590995 87 20
WRITE 591082 7 21
WRITE 591089 1 22
WRITE 591090 1 23
WRITE 591091 3 24
READ 264923 219 0
WRITE 264923 35 106
READ 264484 53 0
WRITE 264484 504 158
READ 263151 997 0
WRITE 263151 888 116
READ 560717 78 0
WRITE 560717 114 172
WRITE 560831 127 173
WRITE 560958 152 174
WRITE 561110 133 175
WRITE 561243 24 176
WRITE 561267 207 177
WRITE 561474 168 178
WRITE 561642 134 179
WRITE 561776 231 180
WRITE 562007 57 181
WRITE 562064 210 182
WRITE 562274 189 183
WRITE 562463 36 184
WRITE 562499 59 185
WRITE 562558 100 186
WRITE 562658 63 187
WRITE 562721 134 188
WRITE 562855 5 189
WRITE 562860 7 190
WRITE 562867 18 191
WRITE 562885 47 192
WRITE 562932 21 193
WRITE 562953 2 194
WRITE 562955 2 195
WRITE 562957 3 196
READ 397224 879 0
WRITE 397224 197 133
WRITE 397421 564 134
WRITE 397985 124 135
WRITE 398109 468 136
WRITE 398577 70 137
WRITE 398647 99 138
WRITE 398746 9 139
WRITE 398755 1 140
WRITE 398756 5 141
WRITE 398761 1 142
READ 338632 723 0
WRITE 338632 117 240
WRITE 338749 30 241
WRITE 338779 67 242
WRITE 338846 32 243
WRITE 338878 69 244
WRITE 338947 90 245
WRITE 339037 132 246
WRITE 339169 40 247
WRITE 339209 2 248
WRITE 339211 47 249
WRITE 339258 39 250
WRITE 339297 70 251
WRITE 339367 62 252
WRITE 339429 88 253
WRITE 339517 128 254
WRITE 339645 68 255
WRITE 339713 57 0
WRITE 339770 1 1
WRITE 339771 144 2
WRITE 339915 45 3
WRITE 339960 96 4
WRITE 340056 61 5
WRITE 340117 21 6
WRITE 340138 6 7
WRITE 340144 2 8
WRITE 340146 2 9
WRITE 340148 1 10
WRITE 340149 2 11
READ 458468 464 0
WRITE 458468 195 98
WRITE 458663 210 99
WRITE 458873 11 100
WRITE 458884 46 101
WRITE 458930 180 102
WRITE 459110 35 103
WRITE 459145 35 104
WRITE 459180 12 105
WRITE 459192 9 106
WRITE 459201 1 107
READ 310399 405 0
WRITE 310399 789 221
READ 310178 895 0
WRITE 310178 853 163
READ 311196 353 0
WRITE 311196 29 233
READ 743635 1023 0
WRITE 743635 77 23
WRITE 743712 238 24
WRITE 743950 51 25
WRITE 744001 282 26
WRITE 744283 62 27
WRITE 744345 180 28
WRITE 744525 82 29
WRITE 744607 50 30
WRITE 744657 5 31
WRITE 744662 9 32
WRITE 744671 3 33
WRITE 744674 16 34
WRITE 744690 4 35
READ 132115 343 0
WRITE 132115 540 9
WRITE 132655 451 10
WRITE 133106 607 11
WRITE 133713 707 12
WRITE 134420 301 13
WRITE 134721 9 14
WRITE 134730 129 15
WRITE 134859 15 16
WRITE 134874 191 17
WRITE 135065 30 18
WRITE 135095 2 19
WRITE 135097 3 20
READ 494571 574 0
WRITE 494571 354 250
WRITE 494925 449 251
WRITE 495374 279 252
WRITE 495653 219 253
WRITE 495872 86 254
WRITE 495958 20 255
WRITE 495978 62 0
WRITE 496040 6 1
WRITE 496046 4 2
WRITE 496050 6 3
READ 655088 407 0
WRITE 655088 55 171
WRITE 655143 283 172
WRITE 655426 242 173
WRITE 655668 253 174
WRITE 655921 185 175
WRITE 656106 202 176
WRITE 656308 52 177
WRITE 656360 276 178
WRITE 656636 128 179
WRITE 656764 119 180
WRITE 656883 235 181
WRITE 657118 270 182
WRITE 657388 17 183
WRITE 657405 14 184
WRITE 657419 2 185
WRITE 657421 3 186
WRITE 657424 1 187
READ 139614 340 0
WRITE 139614 127 195
READ 137849 835 0
WRITE 137849 760 218
READ 139079 87 0
WRITE 139079 654 128
READ 176044 965 0
WRITE 176044 36 85
WRITE 176080 64 86
WRITE 176144 47 87
WRITE 176191 139 88
WRITE 176330 40 89
WRITE 176370 130 90
WRITE 176500 62 91
WRITE 176562 50 92
WRITE 176612 54 93
WRITE 176666 7 94
WRITE 176673 45 95
WRITE 176718 179 96
WRITE 176897 143 97
WRITE 177040 63 98
WRITE 177103 1 99
WRITE 177104 171 100
WRITE 177275 49 101
WRITE 177324 148 102
WRITE 177472 152 103
WRITE 177624 133 104
WRITE 177757 151 105
WRITE 177908 78 106
WRITE 177986 93 107
WRITE 178079 24 108
WRITE 178103 75 109
WRITE 178178 31 110
WRITE 178209 4 111
WRITE 178213 50 112
READ 1020757 2 0
WRITE 1020757 597 212
WRITE 1021354 375 213
WRITE 1021729 455 214
WRITE 1022184 55 215
WRITE 1022239 562 216
WRITE 1022801 561 217
WRITE 1023362 143 218
WRITE 1023505 3 219
WRITE 1023508 6 220
WRITE 1023514 5 221
WRITE 1023519 2 222
WRITE 1023521 1 223
WRITE 1023522 1 224
READ 956926 243 0
WRITE 956926 18 182
WRITE 956944 44 183
WRITE 956988 39 184
WRITE 957027 25 185
WRITE 957052 42 186
WRITE 957094 23 187
WRITE 957117 10 188
WRITE 957127 32 189
WRITE 957159 48 190
WRITE 957207 30 191
WRITE 957237 25 192
WRITE 957262 6 193
WRITE 957268 36 194
WRITE 957304 35 195
WRITE 957339 16 196
WRITE 957355 23 197
WRITE 957378 54 198
WRITE 957432 10 199
WRITE 957442 47 200
WRITE 957489 43 201
WRITE 957532 49 202
WRITE 957581 33 203
WRITE 957614 17 204
WRITE 957631 2 205
WRITE 957633 52 206
WRITE 957685 3 207
WRITE 957688 14 208
WRITE 957702 29 209
WRITE 957731 34 210
WRITE 957765 47 211
WRITE 957812 21 212
WRITE 957833 28 213
WRITE 957861 8 214
WRITE 957869 19 215
WRITE 957888 3 216
WRITE 957891 4 217
WRITE 957895 49 218
WRITE 957944 34 219
WRITE 957978 2 220
WRITE 957980 45 221
WRITE 958025 12 222
WRITE 958037 9 223
WRITE 958046 4 224
WRITE 958050 6 225
WRITE 958056 2 226
WRITE 958058 2 227
READ 393037 722 0
WRITE 393037 86 138
WRITE 393123 124 139
WRITE 393247 280 140
WRITE 393527 263 141
WRITE 393790 151 142
WRITE 393941 335 143
WRITE 394276 165 144
WRITE 394441 22 145
WRITE 394463 5 146
WRITE 394468 5 147
WRITE 394473 5 148
WRITE 394478 1 149
WRITE 394479 1 150
READ 468943 458 0
WRITE 468943 451 181
READ 469227 836 0
WRITE 469227 639 64
READ 469358 883 0
WRITE 469358 977 15
READ 346244 273 0
WRITE 346244 157 194
WRITE 346401 310 195
WRITE 346711 18 196
WRITE 346729 1 197
WRITE 346730 1 198
WRITE 346731 1 199
WRITE 346732 5 200
WRITE 346737 1 201
WRITE 346738 1 202
READ 744045 945 0
WRITE 744045 183 142
WRITE 744228 70 143
WRITE 744298 93 144
WRITE 744391 277 145
WRITE 744668 249 146
WRITE 744917 176 147
WRITE 745093 47 148
WRITE 745140 13 149
WRITE 745153 265 150
WRITE 745418 311 151
WRITE 745729 41 152
WRITE 745770 77 153
WRITE 745847 222 154
WRITE 746069 286 155
WRITE 746355 171 156
WRITE 746526 285 157
WRITE 746811 298 158
WRITE 747109 203 159
WRITE 747312 210 160
WRITE 747522 47 161
WRITE 747569 126 162
WRITE 747695 248 163
WRITE 747943 249 164
WRITE 748192 92 165
WRITE 748284 132 166
WRITE 748416 248 167
WRITE 748664 164 168
WRITE 748828 161 169
WRITE 748989 84 170
WRITE 749073 2 171
READ 656590 307 0
WRITE 656590 363 228
WRITE 656953 66 229
WRITE 657019 43 230
WRITE 657062 15 231
WRITE 657077 3 232
READ 982945 804 0
WRITE 982945 5 165
WRITE 982950 270 166
WRITE 983220 147 167
WRITE 983367 143 168
WRITE 983510 86 169
WRITE 983596 27 170
WRITE 983623 26 171
WRITE 983649 6 172
WRITE 983655 47 173
READ 442998 588 0
WRITE 442998 12 126
READ 443618 38 0
WRITE 443618 122 160
READ 441608 730 0
WRITE 441608 635 102
READ 311603 536 0
WRITE 311603 231 43
WRITE 311834 322 44
WRITE 312156 115 45
WRITE 312271 295 46
WRITE 312566 131 47
WRITE 312697 36 48
WRITE 312733 1 49
WRITE 312734 1 50
WRITE 312735 8 51
WRITE 312743 2 52
READ 376191 547 0
WRITE 376191 341 50
WRITE 376532 270 51
WRITE 376802 240 52
WRITE 377042 95 53
WRITE 377137 396 54
WRITE 377533 53 55
WRITE 377586 407 56
WRITE 377993 185 57
WRITE 378178 349 58
WRITE 378527 111 59
WRITE 378638 307 60
WRITE 378945 208 61
WRITE 379153 387 62
WRITE 379540 216 63
WRITE 379756 49 64
WRITE 379805 1 65
WRITE 379806 2 66
WRITE 379808 1 67
READ 448248 137 0
WRITE 448248 82 193
WRITE 448330 56 194
WRITE 448386 32 195
WRITE 448418 47 196
WRITE 448465 46 197
WRITE 448511 28 198
WRITE 448539 45 199
WRITE 448584 35 200
WRITE 448619 57 201
WRITE 448676 7 202
WRITE 448683 19 203
WRITE 448702 75 204
WRITE 448777 37 205
WRITE 448814 56 206
WRITE 448870 23 207
WRITE 448893 40 208
WRITE 448933 45 209
WRITE 448978 65 210
WRITE 449043 49 211
WRITE 449092 24 212
WRITE 449116 80 213
WRITE 449196 12 214
WRITE 449208 50 215
WRITE 449258 12 216
WRITE 449270 27 217
WRITE 449297 7 218
WRITE 449304 46 219
WRITE 449350 27 220
WRITE 449377 21 221
WRITE 449398 51 222
WRITE 449449 6 223
WRITE 449455 50 224
WRITE 449505 19 225
WRITE 449524 73 226
WRITE 449597 31 227
WRITE 449628 37 228
WRITE 449665 48 229
WRITE 449713 56 230
WRITE 449769 51 231
WRITE 449820 2 232
WRITE 449822 57 233
WRITE 449879 34 234
WRITE 449913 11 235
WRITE 449924 26 236
WRITE 449950 22 237
WRITE 449972 1 238
READ 130855 984 0
WRITE 130855 593 11
WRITE 131448 72 12
WRITE 131520 436 13
WRITE 131956 358 14
WRITE 132314 457 15
WRITE 132771 374 16
WRITE 133145 149 17
WRITE 133294 1 18
WRITE 133295 16 19
WRITE 133311 9 20
WRITE 133320 3 21
WRITE 133323 5 22
WRITE 133328 2 23
WRITE 133330 1 24
WRITE 133331 1 25
READ 1038498 27 0
WRITE 1038498 802 184
READ 1038368 313 0
WRITE 1038368 499 183
READ 1037381 158 0
WRITE 1037381 998 159
READ 839545 412 0
WRITE 839545 419 200
WRITE 839964 23 201
WRITE 839987 150 202
WRITE 840137 18 203
WRITE 840155 26 204
WRITE 840181 17 205
WRITE 840198 10 206
READ 74699 559 0
WRITE 74699 954 114
WRITE 75653 923 115
WRITE 76576 150 116
WRITE 76726 70 117
WRITE 76796 1 118
WRITE 76797 57 119
WRITE 76854 3 120
READ 1020638 1002 0
WRITE 1020638 53 0
WRITE 1020691 47 1
WRITE 1020738 68 2
WRITE 1020806 41 3
WRITE 1020847 39 4
WRITE 1020886 58 5
WRITE 1020944 62 6
WRITE 1021006 78 7
WRITE 1021084 7 8
WRITE 1021091 26 9
WRITE 1021117 72 10
WRITE 1021189 21 11
WRITE 1021210 21 12
WRITE 1021231 9 13
WRITE 1021240 10 14
WRITE 1021250 69 15
WRITE 1021319 66 16
WRITE 1021385 28 17
WRITE 1021413 13 18
WRITE 1021426 40 19
WRITE 1021466 47 20
WRITE 1021513 56 21
WRITE 1021569 44 22
WRITE 1021613 71 23
WRITE 1021684 54 24
WRITE 1021738 78 25
WRITE 1021816 12 26
WRITE 1021828 73 27
WRITE 1021901 42 28
WRITE 1021943 2 29
WRITE 1021945 66 30
WRITE 1022011 23 31
WRITE 1022034 38 32
WRITE 1022072 63 33
WRITE 1022135 65 34
WRITE 1022200 29 35
WRITE 1022229 1 36
READ 327431 294 0
WRITE 327431 338 162
WRITE 327769 205 163
WRITE 327974 346 164
WRITE 328320 4 165
WRITE 328324 34 166
WRITE 328358 121 167
WRITE 328479 86 168
WRITE 328565 21 169
WRITE 328586 1 170
READ 698270 840 0
WRITE 698270 987 77
READ 697826 786 0
WRITE 697826 565 106
READ 696396 21 0
WRITE 696396 738 54
READ 285390 551 0
WRITE 285390 197 196
WRITE 285587 15 197
WRITE 285602 16 198
WRITE 285618 6 199
READ 237935 885 0
WRITE 237935 289 33
WRITE 238224 340 34
WRITE 238564 299 35
WRITE 238863 368 36
WRITE 239231 349 37
WRITE 239580 376 38
WRITE 239956 466 39
WRITE 240422 186 40
WRITE 240608 357 41
WRITE 240965 65 42
WRITE 241030 252 43
WRITE 241282 275 44
WRITE 241557 592 45
WRITE 242149 615 46
WRITE 242764 8 47
WRITE 242772 62 48
WRITE 242834 1 49
WRITE 242835 1 50
WRITE 242836 1 51
WRITE 242837 1 52
READ 93173 121 0
WRITE 93173 87 178
WRITE 93260 139 179
WRITE 93399 27 180
WRITE 93426 148 181
WRITE 93574 34 182
WRITE 93608 59 183
WRITE 93667 22 184
WRITE 93689 145 185
WRITE 93834 100 186
WRITE 93934 61 187
WRITE 93995 121 188
WRITE 94116 137 189
WRITE 94253 4 190
WRITE 94257 78 191
WRITE 94335 11 192
WRITE 94346 1 193
WRITE 94347 15 194
WRITE 94362 6 195
READ 524235 681 0
WRITE 524235 8 66
WRITE 524243 444 67
WRITE 524687 43 68
WRITE 524730 423 69
WRITE 525153 595 70
WRITE 525748 23 71
WRITE 525771 3 72
WRITE 525774 4 73
WRITE 525778 23 74
WRITE 525801 7 75
WRITE 525808 1 76
WRITE 525809 1 77
WRITE 525810 2 78
READ 42613 103 0
WRITE 42613 965 194
READ 41457 303 0
WRITE 41457 135 64
READ 43932 282 0
WRITE 43932 730 225
READ 659169 746 0
WRITE 659169 480 110
WRITE 659649 29 111
WRITE 659678 5 112
WRITE 659683 7 113
WRITE 659690 2 114
WRITE 659692 3 115
WRITE 659695 1 116
READ 787848 56 0
WRITE 787848 187 213
WRITE 788035 180 214
WRITE 788215 33 215
WRITE 788248 300 216
WRITE 788548 174 217
WRITE 788722 97 218
WRITE 788819 76 219
WRITE 788895 335 220
WRITE 789230 378 221
WRITE 789608 279 222
WRITE 789887 435 223
WRITE 790322 405 224
WRITE 790727 188 225
WRITE 790915 161 226
WRITE 791076 7 227
WRITE 791083 7 228
WRITE 791090 1 229
READ 938952 654 0
WRITE 938952 28 6
WRITE 938980 126 7
WRITE 939106 22 8
WRITE 939128 106 9
WRITE 939234 89 10
WRITE 939323 117 11
WRITE 939440 72 12
WRITE 939512 36 13
WRITE 939548 112 14
WRITE 939660 10 15
WRITE 939670 47 16
WRITE 939717 121 17
WRITE 939838 58 18
WRITE 939896 114 19
WRITE 940010 15 20
WRITE 940025 66 21
WRITE 940091 101 22
WRITE 940192 47 23
WRITE 940239 46 24
WRITE 940285 134 25
WRITE 940419 32 26
WRITE 940451 22 27
WRITE 940473 117 28
WRITE 940590 44 29
WRITE 940634 54 30
WRITE 940688 21 31
WRITE 940709 127 32
WRITE 940836 4 33
WRITE 940840 39 34
WRITE 940879 2 35
WRITE 940881 2 36
WRITE 940883 7 37
WRITE 940890 1 38
READ 327631 479 0
WRITE 327631 1 214
WRITE 327632 59 215
WRITE 327691 57 216
WRITE 327748 92 217
WRITE 327840 88 218
WRITE 327928 99 219
WRITE 328027 216 220
WRITE 328243 74 221
WRITE 328317 34 222
WRITE 328351 109 223
WRITE 328460 9 224
WRITE 328469 191 225
WRITE 328660 82 226
WRITE 328742 131 227
WRITE 328873 173 228
WRITE 329046 36 229
WRITE 329082 148 230
WRITE 329230 218 231
WRITE 329448 130 232
WRITE 329578 102 233
WRITE 329680 10 234
WRITE 329690 46 235
WRITE 329736 36 236
WRITE 329772 18 237
WRITE 329790 7 238
WRITE 329797 1 239
WRITE 329798 1 240
READ 552283 652 0
WRITE 552283 53 118
READ 551836 140 0
WRITE 551836 263 232
READ 550706 548 0
WRITE 550706 848 148
READ 268362 495 0
WRITE 268362 96 188
WRITE 268458 74 189
WRITE 268532 77 190
WRITE 268609 56 191
WRITE 268665 48 192
WRITE 268713 94 193
WRITE 268807 86 194
WRITE 268893 46 195
WRITE 268939 2 196
WRITE 268941 4 197
WRITE 268945 4 198
WRITE 268949 2 199
WRITE 268951 1 200
READ 44773 156 0
WRITE 44773 454 1
WRITE 45227 301 2
WRITE 45528 250 3
WRITE 45778 545 4
WRITE 46323 20 5
WRITE 46343 25 6
WRITE 46368 217 7
WRITE 46585 309 8
WRITE 46894 22 9
WRITE 46916 554 10
WRITE 47470 185 11
WRITE 47655 297 12
WRITE 47952 118 13
WRITE 48070 198 14
WRITE 48268 140 15
WRITE 48408 127 16
WRITE 48535 131 17
WRITE 48666 424 18
WRITE 49090 64 19
WRITE 49154 502 20
WRITE 49656 338 21
WRITE 49994 9 22
WRITE 50003 7 23
WRITE 50010 9 24
WRITE 50019 1 25
READ 307691 915 0
WRITE 307691 205 135
WRITE 307896 64 136
WRITE 307960 85 137
WRITE 308045 76 138
WRITE 308121 30 139
WRITE 308151 20 140
WRITE 308171 5 141
WRITE 308176 25 142
WRITE 308201 24 143
WRITE 308225 8 144
READ 654834 325 0
WRITE 654834 617 50
WRITE 655451 217 51
WRITE 655668 63 52
WRITE 655731 68 53
WRITE 655799 13 54
WRITE 655812 4 55
WRITE 655816 1 56
READ 333747 230 0
WRITE 333747 986 87
READ 335244 633 0
WRITE 335244 150 44
READ 333725 738 0
WRITE 333725 854 49
READ 599310 210 0
WRITE 599310 74 129
WRITE 599384 51 130
WRITE 599435 108 131
WRITE 599543 154 132
WRITE 599697 26 133
WRITE 599723 195 134
WRITE 599918 53 135
WRITE 599971 36 136
WRITE 600007 2 137
WRITE 600009 175 138
WRITE 600184 107 139
WRITE 600291 148 140
WRITE 600439 11 141
WRITE 600450 109 142
WRITE 600559 104 143
WRITE 600663 23 144
WRITE 600686 102 145
WRITE 600788 51 146
WRITE 600839 4 147
WRITE 600843 3 148
READ 714334 1007 0
WRITE 714334 113 44
WRITE 714447 602 45
WRITE 715049 83 46
WRITE 715132 472 47
WRITE 715604 572 48
WRITE 716176 373 49
WRITE 716549 558 50
WRITE 717107 607 51
WRITE 717714 28 52
WRITE 717742 59 53
WRITE 717801 2 54
WRITE 717803 11 55
WRITE 717814 20 56
READ 173807 650 0
WRITE 173807 50 194
WRITE 173857 324 195
WRITE 174181 93 196
WRITE 174274 116 197
WRITE 174390 135 198
WRITE 174525 235 199
WRITE 174760 12 200
WRITE 174772 6 201
WRITE 174778 3 202
WRITE 174781 17 203
WRITE 174798 3 204
WRITE 174801 5 205
WRITE 174806 2 206
READ 327399 222 0
WRITE 327399 144 8
WRITE 327543 385 9
WRITE 327928 12 10
WRITE 327940 73 11
WRITE 328013 3 12
WRITE 328016 4 13
READ 106944 773 0
WRITE 106944 196 60
READ 107165 834 0
WRITE 107165 93 66
READ 107608 991 0
WRITE 107608 713 61
READ 934739 949 0
WRITE 934739 270 184
WRITE 935009 168 185
WRITE 935177 255 186
WRITE 935432 1 187
WRITE 935433 205 188
WRITE 935638 53 189
WRITE 935691 25 190
WRITE 935716 27 191
WRITE 935743 2 192
WRITE 935745 4 193
WRITE 935749 2 194
READ 794282 479 0
WRITE 794282 82 160
WRITE 794364 12 161
WRITE 794376 208 162
WRITE 794584 244 163
WRITE 794828 226 164
WRITE 795054 148 165
WRITE 795202 15 166
WRITE 795217 104 167
WRITE 795321 83 168
WRITE 795404 229 169
WRITE 795633 285 170
WRITE 795918 248 171
WRITE 796166 340 172
WRITE 796506 157 173
WRITE 796663 13 174
WRITE 796676 146 175
WRITE 796822 98 176
WRITE 796920 205 177
WRITE 797125 207 178
WRITE 797332 136 179
WRITE 797468 315 180
WRITE 797783 8 181
WRITE 797791 160 182
WRITE 797951 15 183
WRITE 797966 17 184
WRITE 797983 3 185
WRITE 797986 6 186
WRITE 797992 3 187
WRITE 797995 1 188
READ 186059 981 0
WRITE 186059 107 149
WRITE 186166 53 150
WRITE 186219 93 151
WRITE 186312 47 152
WRITE 186359 44 153
WRITE 186403 18 154
WRITE 186421 114 155
WRITE 186535 72 156
WRITE 186607 53 157
WRITE 186660 109 158
WRITE 186769 32 159
WRITE 186801 86 160
WRITE 186887 53 161
WRITE 186940 7 162
WRITE 186947 65 163
WRITE 187012 51 164
WRITE 187063 33 165
WRITE 187096 76 166
WRITE 187172 81 167
WRITE 187253 40 168
WRITE 187293 73 169
WRITE 187366 1 170
WRITE 187367 18 171
WRITE 187385 3 172
WRITE 187388 110 173
WRITE 187498 63 174
WRITE 187561 107 175
WRITE 187668 89 176
WRITE 187757 39 177
WRITE 187796 38 178
WRITE 187834 72 179
WRITE 187906 29 180
WRITE 187935 7 181
WRITE 187942 10 182
WRITE 187952 36 183
WRITE 187988 8 184
WRITE 187996 13 185
WRITE 188009 4 186
WRITE 188013 1 187
READ 65350 642 0
WRITE 65350 505 209
WRITE 65855 549 210
WRITE 66404 64 211
WRITE 66468 69 212
WRITE 66537 9 213
WRITE 66546 40 214
READ 156692 169 0
WRITE 156692 1013 52
READ 155770 585 0
WRITE 155770 240 62
READ 154973 251 0
WRITE 154973 49 215
READ 992700 23 0
WRITE 992700 45 234
WRITE 992745 97 235
WRITE 992842 51 236
WRITE 992893 73 237
WRITE 992966 66 238
WRITE 993032 43 239
WRITE 993075 80 240
WRITE 993155 8 241
WRITE 993163 78 242
WRITE 993241 99 243
WRITE 993340 91 244
WRITE 993431 65 245
WRITE 993496 15 246
WRITE 993511 112 247
WRITE 993623 24 248
WRITE 993647 1 249
WRITE 993648 1 250
READ 953894 131 0
WRITE 953894 805 56
WRITE 954699 44 57
WRITE 954743 371 58
WRITE 955114 272 59
WRITE 955386 233 60
WRITE 955619 365 61
WRITE 955984 188 62
WRITE 956172 70 63
WRITE 956242 130 64
WRITE 956372 22 65
WRITE 956394 24 66
WRITE 956418 15 67
WRITE 956433 3 68
WRITE 956436 2 69
READ 873709 636 0
WRITE 873709 321 248
WRITE 874030 40 249
WRITE 874070 57 250
WRITE 874127 19 251
WRITE 874146 3 252
WRITE 874149 66 253
WRITE 874215 54 254
WRITE 874269 9 255
WRITE 874278 1 0
READ 523865 983 0
WRITE 523865 43 126
WRITE 523908 5 127
WRITE 523913 288 128
WRITE 524201 339 129
WRITE 524540 313 130
WRITE 524853 81 131
WRITE 524934 123 132
WRITE 525057 289 133
WRITE 525346 72 134
WRITE 525418 4 135
WRITE 525422 18 136
WRITE 525440 3 137
WRITE 525443 1 138
WRITE 525444 5 139
READ 871121 949 0
WRITE 871121 833 244
READ 870895 426 0
WRITE 870895 816 249
READ 870676 783 0
WRITE 870676 121 212
READ 610354 513 0
WRITE 610354 134 141
WRITE 610488 76 142
WRITE 610564 95 143
WRITE 610659 100 144
WRITE 610759 121 145
WRITE 610880 111 146
WRITE 610991 34 147
WRITE 611025 65 148
WRITE 611090 206 149
WRITE 611296 170 150
WRITE 611466 107 151
WRITE 611573 247 152
WRITE 611820 81 153
WRITE 611901 138 154
WRITE 612039 34 155
WRITE 612073 23 156
WRITE 612096 152 157
WRITE 612248 214 158
WRITE 612462 221 159
WRITE 612683 114 160
WRITE 612797 10 161
WRITE 612807 2 162
WRITE 612809 1 163
READ 263840 60 0
WRITE 263840 669 185
WRITE 264509 770 186
WRITE 265279 4 187
WRITE 265283 72 188
WRITE 265355 237 189
WRITE 265592 76 190
WRITE 265668 11 191
WRITE 265679 13 192
WRITE 265692 10 193
WRITE 265702 8 194
WRITE 265710 7 195
WRITE 265717 8 196
READ 283356 588 0
WRITE 283356 32 255
WRITE 283388 278 0
WRITE 283666 272 1
WRITE 283938 410 2
WRITE 284348 445 3
WRITE 284793 278 4
WRITE 285071 12 5
WRITE 285083 6 6
WRITE 285089 9 7
WRITE 285098 4 8
WRITE 285102 1 9
WRITE 285103 2 10
WRITE 285105 1 11
WRITE 285106 1 12
WRITE 285107 1 13
READ 720789 193 0
WRITE 720789 63 97
WRITE 720852 287 98
WRITE 721139 116 99
WRITE 721255 146 100
WRITE 721401 372 101
WRITE 721773 115 102
WRITE 721888 141 103
WRITE 722029 20 104
WRITE 722049 279 105
WRITE 722328 319 106
WRITE 722647 94 107
WRITE 722741 2 108
WRITE 722743 164 109
WRITE 722907 6 110
WRITE 722913 8 111
WRITE 722921 5 112
WRITE 722926 5 113
WRITE 722931 2 114
WRITE 722933 1 115
READ 489553 178 0
WRITE 489553 633 233
READ 490024 152 0
WRITE 490024 224 180
READ 489529 23 0
WRITE 489529 629 160
READ 540961 196 0
WRITE 540961 168 223
WRITE 541129 57 224
WRITE 541186 122 225
WRITE 541308 147 226
WRITE 541455 148 227
WRITE 541603 40 228
WRITE 541643 80 229
WRITE 541723 4 230
WRITE 541727 3 231
READ 544394 490 0
WRITE 544394 739 208
WRITE 545133 533 209
WRITE 545666 572 210
WRITE 546238 314 211
WRITE 546552 18 212
WRITE 546570 5 213
WRITE 546575 40 214
WRITE 546615 7 215
WRITE 546622 5 216
WRITE 546627 13 217
READ 771545 300 0
WRITE 771545 217 143
WRITE 771762 204 144
WRITE 771966 239 145
WRITE 772205 25 146
WRITE 772230 5 147
WRITE 772235 6 148
WRITE 772241 3 149
READ 851842 867 0
WRITE 851842 90 163
WRITE 851932 50 164
WRITE 851982 11 165
WRITE 851993 39 166
WRITE 852032 27 167
WRITE 852059 71 168
WRITE 852130 83 169
WRITE 852213 125 170
WRITE 852338 92 171
WRITE 852430 88 172
WRITE 852518 92 173
WRITE 852610 37 174
WRITE 852647 116 175
WRITE 852763 41 176
WRITE 852804 20 177
WRITE 852824 7 178
WRITE 852831 6 179
WRITE 852837 7 180
WRITE 852844 1 181
READ 214885 59 0
WRITE 214885 717 82
READ 211968 654 0
WRITE 211968 844 167
READ 214052 781 0
WRITE 214052 544 162
READ 374877 913 0
WRITE 374877 269 29
WRITE 375146 389 30
WRITE 375535 215 31
WRITE 375750 166 32
WRITE 375916 253 33
WRITE 376169 17 34
WRITE 376186 239 35
WRITE 376425 51 36
WRITE 376476 118 37
WRITE 376594 25 38
WRITE 376619 2 39
READ 181440 207 0
WRITE 181440 91 218
WRITE 181531 176 219
WRITE 181707 4 220
WRITE 181711 57 221
WRITE 181768 481 222
WRITE 182249 87 223
WRITE 182336 9 224
WRITE 182345 451 225
WRITE 182796 17 226
WRITE 182813 329 227
WRITE 183142 170 228
WRITE 183312 355 229
WRITE 183667 383 230
WRITE 184050 301 231
WRITE 184351 506 232
WRITE 184857 12 233
WRITE 184869 323 234
WRITE 185192 186 235
WRITE 185378 65 236
WRITE 185443 466 237
WRITE 185909 187 238
WRITE 186096 256 239
WRITE 186352 8 240
WRITE 186360 82 241
WRITE 186442 396 242
WRITE 186838 11 243
WRITE 186849 84 244
WRITE 186933 79 245
WRITE 187012 23 246
WRITE 187035 10 247
WRITE 187045 4 248
WRITE 187049 5 249
WRITE 187054 2 250
WRITE 187056 1 251
READ 797660 739 0
WRITE 797660 229 132
WRITE 797889 431 133
WRITE 798320 155 134
WRITE 798475 223 135
WRITE 798698 11 136
WRITE 798709 82 137
WRITE 798791 1 138
WRITE 798792 1 139
READ 786366 566 0
WRITE 786366 186 237
WRITE 786552 208 238
WRITE 786760 139 239
WRITE 786899 30 240
WRITE 786929 176 241
WRITE 787105 98 242
WRITE 787203 120 243
WRITE 787323 139 244
WRITE 787462 179 245
WRITE 787641 77 246
WRITE 787718 154 247
WRITE 787872 4 248
WRITE 787876 6 249
READ 448606 1017 0
WRITE 448606 892 9
READ 449625 565 0
WRITE 449625 660 186
READ 450461 679 0
WRITE 450461 952 138
READ 449405 847 0
WRITE 449405 11 176
WRITE 449416 20 177
WRITE 449436 44 178
WRITE 449480 54 179
WRITE 449534 118 180
WRITE 449652 55 181
WRITE 449707 82 182
WRITE 449789 75 183
WRITE 449864 62 184
WRITE 449926 44 185
WRITE 449970 36 186
WRITE 450006 19 187
WRITE 450025 1 188
READ 94492 589 0
WRITE 94492 429 197
WRITE 94921 507 198
WRITE 95428 311 199
WRITE 95739 282 200
WRITE 96021 403 201
WRITE 96424 298 202
WRITE 96722 420 203
WRITE 97142 151 204
WRITE 97293 360 205
WRITE 97653 141 206
WRITE 97794 97 207
WRITE 97891 310 208
WRITE 98201 49 209
WRITE 98250 1 210
WRITE 98251 2 211
WRITE 98253 1 212
READ 331007 135 0
WRITE 331007 88 84
WRITE 331095 174 85
WRITE 331269 244 86
WRITE 331513 13 87
WRITE 331526 158 88
WRITE 331684 184 89
WRITE 331868 181 90
WRITE 332049 3 91
WRITE 332052 9 92
WRITE 332061 1 93
WRITE 332062 1 94
READ 720744 221 0
WRITE 720744 325 120
WRITE 721069 260 121
WRITE 721329 97 122
WRITE 721426 289 123
WRITE 721715 323 124
WRITE 722038 67 125
WRITE 722105 291 126
WRITE 722396 180 127
WRITE 722576 99 128
WRITE 722675 8 129
WRITE 722683 7 130
WRITE 722690 15 131
WRITE 722705 4 132
READ 104468 607 0
WRITE 104468 577 91
READ 104649 607 0
WRITE 104649 737 63
READ 106225 60 0
WRITE 106225 562 197
READ 881874 536 0
WRITE 881874 48 91
WRITE 881922 69 92
WRITE 881991 44 93
WRITE 882035 272 94
WRITE 882307 314 95
WRITE 882621 38 96
WRITE 882659 6 97
READ 671668 196 0
WRITE 671668 425 129
WRITE 672093 677 130
WRITE 672770 491 131
WRITE 673261 265 132
WRITE 673526 453 133
WRITE 673979 185 134
WRITE 674164 15 135
WRITE 674179 10 136
WRITE 674189 5 137
WRITE 674194 1 138
READ 560329 351 0
WRITE 560329 204 227
WRITE 560533 14 228
WRITE 560547 100 229
WRITE 560647 1 230
WRITE 560648 1 231
READ 327468 248 0
WRITE 327468 182 69
WRITE 327650 274 70
WRITE 327924 158 71
WRITE 328082 39 72
WRITE 328121 310 73
WRITE 328431 255 74
WRITE 328686 160 75
WRITE 328846 62 76
WRITE 328908 250 77
WRITE 329158 27 78
WRITE 329185 69 79
WRITE 329254 1 80
WRITE 329255 10 81
READ 207492 766 0
WRITE 207492 59 15
READ 209890 385 0
WRITE 209890 462 137
READ 206679 284 0
WRITE 206679 303 252
READ 334457 526 0
WRITE 334457 93 16
WRITE 334550 10 17
WRITE 334560 76 18
WRITE 334636 50 19
WRITE 334686 71 20
WRITE 334757 60 21
WRITE 334817 94 22
WRITE 334911 1 23
WRITE 334912 1 24
READ 873961 149 0
WRITE 873961 201 58
WRITE 874162 196 59
WRITE 874358 122 60
WRITE 874480 32 61
WRITE 874512 129 62
WRITE 874641 33 63
WRITE 874674 77 64
WRITE 874751 248 65
WRITE 874999 201 66
WRITE 875200 245 67
WRITE 875445 183 68
WRITE 875628 156 69
WRITE 875784 151 70
WRITE 875935 22 71
WRITE 875957 13 72
WRITE 875970 267 73
WRITE 876237 257 74
WRITE 876494 107 75
WRITE 876601 200 76
WRITE 876801 176 77
WRITE 876977 197 78
WRITE 877174 126 79
WRITE 877300 134 80
WRITE 877434 157 81
WRITE 877591 201 82
WRITE 877792 210 83
WRITE 878002 258 84
WRITE 878260 190 85
WRITE 878450 219 86
WRITE 878669 17 87
WRITE 878686 13 88
WRITE 878699 4 89
WRITE 878703 1 90
READ 872430 368 0
WRITE 872430 138 17
WRITE 872568 390 18
WRITE 872958 254 19
WRITE 873212 473 20
WRITE 873685 46 21
WRITE 873731 450 22
WRITE 874181 38 23
WRITE 874219 20 24
WRITE 874239 9 25
WRITE 874248 10 26
WRITE 874258 3 27
WRITE 874261 3 28
WRITE 874264 1 29
WRITE 874265 1 30
READ 720418 820 0
WRITE 720418 406 224
WRITE 720824 45 225
WRITE 720869 181 226
WRITE 721050 40 227
WRITE 721090 2 228
READ 785000 493 0
WRITE 785000 292 86
READ 782981 612 0
WRITE 782981 425 149
READ 783425 86 0
WRITE 783425 1013 153
READ 573291 13 0
WRITE 573291 58 64
WRITE 573349 30 65
WRITE 573379 101 66
WRITE 573480 143 67
WRITE 573623 251 68
WRITE 573874 253 69
WRITE 574127 148 70
WRITE 574275 127 71
WRITE 574402 37 72
WRITE 574439 61 73
WRITE 574500 151 74
WRITE 574651 43 75
WRITE 574694 230 76
WRITE 574924 27 77
WRITE 574951 137 78
WRITE 575088 88 79
WRITE 575176 2 80
WRITE 575178 2 81
WRITE 575180 1 82
READ 326696 138 0
WRITE 326696 204 213
WRITE 326900 137 214
WRITE 327037 304 215
WRITE 327341 853 216
WRITE 328194 625 217
WRITE 328819 520 218
WRITE 329339 194 219
WRITE 329533 6 220
WRITE 329539 85 221
WRITE 329624 62 222
WRITE 329686 38 223
WRITE 329724 14 224
WRITE 329738 8 225
WRITE 329746 1 226
READ 1004234 125 0
WRITE 1004234 269 105
WRITE 1004503 108 106
WRITE 1004611 501 107
WRITE 1005112 89 108
WRITE 1005201 327 109
WRITE 1005528 138 110
WRITE 1005666 3 111
WRITE 1005669 5 112
READ 654925 745 0
WRITE 654925 264 185
WRITE 655189 239 186
WRITE 655428 120 187
WRITE 655548 222 188
WRITE 655770 49 189
WRITE 655819 13 190
WRITE 655832 16 191
WRITE 655848 19 192
WRITE 655867 5 193
WRITE 655872 10 194
WRITE 655882 2 195
WRITE 655884 3 196
READ 76188 65 0
WRITE 76188 557 172
READ 76213 8 0
WRITE 76213 495 109
READ 75804 425 0
WRITE 75804 466 32
READ 657596 28 0
WRITE 657596 177 192
WRITE 657773 235 193
WRITE 658008 306 194
WRITE 658314 222 195
WRITE 658536 197 196
WRITE 658733 277 197
WRITE 659010 152 198
WRITE 659162 169 199
WRITE 659331 259 200
WRITE 659590 276 201
WRITE 659866 54 202
WRITE 659920 1 203
WRITE 659921 2 204
WRITE 659923 5 205
WRITE 659928 2 206
WRITE 659930 1 207
READ 511491 9 0
WRITE 511491 160 3
WRITE 511651 69 4
WRITE 511720 134 5
WRITE 511854 50 6
WRITE 511904 91 7
WRITE 511995 56 8
WRITE 512051 117 9
WRITE 512168 160 10
WRITE 512328 31 11
WRITE 512359 40 12
WRITE 512399 119 13
WRITE 512518 125 14
WRITE 512643 210 15
WRITE 512853 192 16
WRITE 513045 90 17
WRITE 513135 156 18
WRITE 513291 246 19
WRITE 513537 100 20
WRITE 513637 14 21
WRITE 513651 5 22
WRITE 513656 178 23
WRITE 513834 57 24
WRITE 513891 100 25
WRITE 513991 149 26
WRITE 514140 57 27
WRITE 514197 160 28
WRITE 514357 108 29
WRITE 514465 243 30
WRITE 514708 119 31
WRITE 514827 16 32
WRITE 514843 73 33
WRITE 514916 226 34
WRITE 515142 242 35
WRITE 515384 2 36
WRITE 515386 27 37
WRITE 515413 15 38
READ 1041104 543 0
WRITE 1041104 29 138
WRITE 1041133 53 139
WRITE 1041186 23 140
WRITE 1041209 38 141
WRITE 1041247 23 142
WRITE 1041270 1 143
WRITE 1041271 57 144
WRITE 1041328 28 145
WRITE 1041356 58 146
WRITE 1041414 38 147
WRITE 1041452 60 148
WRITE 1041512 10 149
WRITE 1041522 15 150
WRITE 1041537 4 151
WRITE 1041541 4 152
READ 917266 619 0
WRITE 917266 135 89
WRITE 917401 94 90
WRITE 917495 235 91
WRITE 917730 183 92
WRITE 917913 37 93
WRITE 917950 41 94
WRITE 917991 4 95
WRITE 917995 1 96
READ 911613 131 0
WRITE 911613 680 105
READ 912500 665 0
WRITE 912500 371 255
READ 914116 256 0
WRITE 914116 987 106
SIGNALL
UNMOUNT
