MOUNT
WRITE_PERMIT
WRITE 0 256 0
READ 983040 256 0
READ 983296 256 0
READ 983552 256 0
READ 983808 256 0
READ 984064 256 0
READ 984320 256 0
READ 984576 256 0
READ 984832 256 0
READ 985088 256 0
READ 985344 256 0
READ 985600 256 0
READ 985856 256 0
READ 986112 256 0
READ 986368 256 0
READ 986624 256 0
READ 986880 256 0
WRITE 983040 256 0
WRITE 983296 256 1
WRITE 983552 256 2
WRITE 983808 256 3
WRITE 984064 256 4
WRITE 984320 256 5
WRITE 984576 256 6
WRITE 984832 256 7
WRITE 985088 256 8
WRITE 985344 256 9
WRITE 985600 256 10
WRITE 985856 256 11
WRITE 986112 256 12
WRITE 986368 256 13
WRITE 986624 256 14
WRITE 986880 256 15
READ 226048 256 0
WRITE 226048 256 115
READ 246528 256 0
READ 246784 256 0
READ 247040 256 0
READ 247296 256 0
READ 247552 256 0
READ 247808 256 0
READ 248064 256 0
READ 248320 256 0
READ 248576 256 0
READ 248832 256 0
READ 249088 256 0
READ 249344 256 0
READ 249600 256 0
READ 249856 256 0
READ 250112 256 0
READ 250368 256 0
READ 250624 256 0
READ 250880 256 0
READ 251136 256 0
READ 251392 256 0
READ 251648 256 0
READ 251904 256 0
READ 252160 256 0
READ 252416 256 0
WRITE 246528 256 195
WRITE 246784 256 196
WRITE 247040 256 197
WRITE 247296 256 198
WRITE 247552 256 199
WRITE 247808 256 200
WRITE 248064 256 201
WRITE 248320 256 202
WRITE 248576 256 203
WRITE 248832 256 204
WRITE 249088 256 205
WRITE 249344 256 206
WRITE 249600 256 207
WRITE 249856 256 208
WRITE 250112 256 209
WRITE 250368 256 210
WRITE 250624 256 211
WRITE 250880 256 212
WRITE 251136 256 213
WRITE 251392 256 214
WRITE 251648 256 215
WRITE 251904 256 216
WRITE 252160 256 217
WRITE 252416 256 218
READ 131072 256 0
READ 131328 256 0
READ 131584 256 0
READ 131840 256 0
READ 132096 256 0
READ 132352 256 0
READ 132608 256 0
READ 132864 256 0
WRITE 131072 256 77
WRITE 131328 256 78
WRITE 131584 256 79
WRITE 131840 256 80
WRITE 132096 256 81
WRITE 132352 256 82
WRITE 132608 256 83
WRITE 132864 256 84
READ 326144 256 0
READ 326400 256 0
READ 326656 256 0
READ 326912 256 0
READ 327168 256 0
READ 327424 256 0
READ 327680 256 0
READ 327936 256 0
READ 328192 256 0
READ 328448 256 0
READ 328704 256 0
READ 328960 256 0
WRITE 326144 256 4
WRITE 326400 256 5
WRITE 326656 256 6
WRITE 326912 256 7
WRITE 327168 256 8
WRITE 327424 256 9
WRITE 327680 256 10
WRITE 327936 256 11
WRITE 328192 256 12
WRITE 328448 256 13
WRITE 328704 256 14
WRITE 328960 256 15
READ 0 256 0
READ 256 256 0
READ 512 256 0
READ 768 256 0
READ 1024 256 0
READ 1280 256 0
READ 1536 256 0
READ 1792 256 0
READ 2048 256 0
READ 2304 256 0
READ 2560 256 0
READ 2816 256 0
READ 3072 256 0
READ 3328 256 0
READ 3584 256 0
READ 3840 256 0
WRITE 0 256 0
WRITE 256 256 1
WRITE 512 256 2
WRITE 768 256 3
WRITE 1024 256 4
WRITE 1280 256 5
WRITE 1536 256 6
WRITE 1792 256 7
WRITE 2048 256 8
WRITE 2304 256 9
WRITE 2560 256 10
WRITE 2816 256 11
WRITE 3072 256 12
WRITE 3328 256 13
WRITE 3584 256 14
WRITE 3840 256 15
READ 61184 256 0
WRITE 61184 256 239
READ 504832 256 0
READ 505088 256 0
READ 505344 256 0
READ 505600 256 0
READ 505856 256 0
READ 506112 256 0
READ 506368 256 0
READ 506624 256 0
READ 506880 256 0
READ 507136 256 0
READ 507392 256 0
READ 507648 256 0
READ 507904 256 0
READ 508160 256 0
READ 508416 256 0
READ 508672 256 0
READ 508928 256 0
READ 509184 256 0
READ 509440 256 0
READ 509696 256 0
READ 509952 256 0
READ 510208 256 0
READ 510464 256 0
READ 510720 256 0
WRITE 504832 256 180
WRITE 505088 256 181
WRITE 505344 256 182
WRITE 505600 256 183
WRITE 505856 256 184
WRITE 506112 256 185
WRITE 506368 256 186
WRITE 506624 256 187
WRITE 506880 256 188
WRITE 507136 256 189
WRITE 507392 256 190
WRITE 507648 256 191
WRITE 507904 256 192
WRITE 508160 256 193
WRITE 508416 256 194
WRITE 508672 256 195
WRITE 508928 256 196
WRITE 509184 256 197
WRITE 509440 256 198
WRITE 509696 256 199
WRITE 509952 256 200
WRITE 510208 256 201
WRITE 510464 256 202
WRITE 510720 256 203
READ 61440 256 0
READ 61696 256 0
READ 61952 256 0
READ 62208 256 0
READ 62464 256 0
READ 62720 256 0
READ 62976 256 0
READ 63232 256 0
WRITE 61440 256 61
WRITE 61696 256 62
WRITE 61952 256 63
WRITE 62208 256 64
WRITE 62464 256 65
WRITE 62720 256 66
WRITE 62976 256 67
WRITE 63232 256 68
READ 522752 256 0
READ 523008 256 0
READ 523264 256 0
READ 523520 256 0
READ 523776 256 0
READ 524032 256 0
READ 524288 256 0
READ 524544 256 0
READ 524800 256 0
READ 525056 256 0
READ 525312 256 0
READ 525568 256 0
WRITE 522752 256 7
WRITE 523008 256 8
WRITE 523264 256 9
WRITE 523520 256 10
WRITE 523776 256 11
WRITE 524032 256 12
WRITE 524288 256 13
WRITE 524544 256 14
WRITE 524800 256 15
WRITE 525056 256 16
WRITE 525312 256 17
WRITE 525568 256 18
READ 786432 256 0
READ 786688 256 0
READ 786944 256 0
READ 787200 256 0
READ 787456 256 0
READ 787712 256 0
READ 787968 256 0
READ 788224 256 0
READ 788480 256 0
READ 788736 256 0
READ 788992 256 0
READ 789248 256 0
READ 789504 256 0
READ 789760 256 0
READ 790016 256 0
READ 790272 256 0
WRITE 786432 256 0
WRITE 786688 256 1
WRITE 786944 256 2
WRITE 787200 256 3
WRITE 787456 256 4
WRITE 787712 256 5
WRITE 787968 256 6
WRITE 788224 256 7
WRITE 788480 256 8
WRITE 788736 256 9
WRITE 788992 256 10
WRITE 789248 256 11
WRITE 789504 256 12
WRITE 789760 256 13
WRITE 790016 256 14
WRITE 790272 256 15
READ 925440 256 0
WRITE 925440 256 31
READ 474112 256 0
READ 474368 256 0
READ 474624 256 0
READ 474880 256 0
READ 475136 256 0
READ 475392 256 0
READ 475648 256 0
READ 475904 256 0
READ 476160 256 0
READ 476416 256 0
READ 476672 256 0
READ 476928 256 0
READ 477184 256 0
READ 477440 256 0
READ 477696 256 0
READ 477952 256 0
READ 478208 256 0
READ 478464 256 0
READ 478720 256 0
READ 478976 256 0
READ 479232 256 0
READ 479488 256 0
READ 479744 256 0
READ 480000 256 0
WRITE 474112 256 60
WRITE 474368 256 61
WRITE 474624 256 62
WRITE 474880 256 63
WRITE 475136 256 64
WRITE 475392 256 65
WRITE 475648 256 66
WRITE 475904 256 67
WRITE 476160 256 68
WRITE 476416 256 69
WRITE 476672 256 70
WRITE 476928 256 71
WRITE 477184 256 72
WRITE 477440 256 73
WRITE 477696 256 74
WRITE 477952 256 75
WRITE 478208 256 76
WRITE 478464 256 77
WRITE 478720 256 78
WRITE 478976 256 79
WRITE 479232 256 80
WRITE 479488 256 81
WRITE 479744 256 82
WRITE 480000 256 83
READ 0 256 0
READ 256 256 0
READ 512 256 0
READ 768 256 0
READ 1024 256 0
READ 1280 256 0
READ 1536 256 0
READ 1792 256 0
WRITE 0 256 77
WRITE 256 256 78
WRITE 512 256 79
WRITE 768 256 80
WRITE 1024 256 81
WRITE 1280 256 82
WRITE 1536 256 83
WRITE 1792 256 84
READ 850432 256 0
READ 850688 256 0
READ 850944 256 0
READ 851200 256 0
READ 851456 256 0
READ 851712 256 0
READ 851968 256 0
READ 852224 256 0
READ 852480 256 0
READ 852736 256 0
READ 852992 256 0
READ 853248 256 0
WRITE 850432 256 12
WRITE 850688 256 13
WRITE 850944 256 14
WRITE 851200 256 15
WRITE 851456 256 16
WRITE 851712 256 17
WRITE 851968 256 18
WRITE 852224 256 19
WRITE 852480 256 20
WRITE 852736 256 21
WRITE 852992 256 22
WRITE 853248 256 23
READ 0 256 0
READ 256 256 0
READ 512 256 0
READ 768 256 0
READ 1024 256 0
READ 1280 256 0
READ 1536 256 0
READ 1792 256 0
READ 2048 256 0
READ 2304 256 0
READ 2560 256 0
READ 2816 256 0
READ 3072 256 0
READ 3328 256 0
READ 3584 256 0
READ 3840 256 0
WRITE 0 256 0
WRITE 256 256 1
WRITE 512 256 2
WRITE 768 256 3
WRITE 1024 256 4
WRITE 1280 256 5
WRITE 1536 256 6
WRITE 1792 256 7
WRITE 2048 256 8
WRITE 2304 256 9
WRITE 2560 256 10
WRITE 2816 256 11
WRITE 3072 256 12
WRITE 3328 256 13
WRITE 3584 256 14
WRITE 3840 256 15
READ 213760 256 0
WRITE 213760 256 67
READ 981760 256 0
READ 982016 256 0
READ 982272 256 0
READ 982528 256 0
READ 982784 256 0
READ 983040 256 0
READ 983296 256 0
READ 983552 256 0
READ 983808 256 0
READ 984064 256 0
READ 984320 256 0
READ 984576 256 0
READ 984832 256 0
READ 985088 256 0
READ 985344 256 0
READ 985600 256 0
READ 985856 256 0
READ 986112 256 0
READ 986368 256 0
READ 986624 256 0
READ 986880 256 0
READ 987136 256 0
READ 987392 256 0
READ 987648 256 0
WRITE 981760 256 251
WRITE 982016 256 252
WRITE 982272 256 253
WRITE 982528 256 254
WRITE 982784 256 255
WRITE 983040 256 0
WRITE 983296 256 1
WRITE 983552 256 2
WRITE 983808 256 3
WRITE 984064 256 4
WRITE 984320 256 5
WRITE 984576 256 6
WRITE 984832 256 7
WRITE 985088 256 8
WRITE 985344 256 9
WRITE 985600 256 10
WRITE 985856 256 11
WRITE 986112 256 12
WRITE 986368 256 13
WRITE 986624 256 14
WRITE 986880 256 15
WRITE 987136 256 16
WRITE 987392 256 17
WRITE 987648 256 18
READ 262144 256 0
READ 262400 256 0
READ 262656 256 0
READ 262912 256 0
READ 263168 256 0
READ 263424 256 0
READ 263680 256 0
READ 263936 256 0
WRITE 262144 256 77
WRITE 262400 256 78
WRITE 262656 256 79
WRITE 262912 256 80
WRITE 263168 256 81
WRITE 263424 256 82
WRITE 263680 256 83
WRITE 263936 256 84
READ 129536 256 0
READ 129792 256 0
READ 130048 256 0
READ 130304 256 0
READ 130560 256 0
READ 130816 256 0
READ 131072 256 0
READ 131328 256 0
READ 131584 256 0
READ 131840 256 0
READ 132096 256 0
READ 132352 256 0
WRITE 129536 256 1
WRITE 129792 256 2
WRITE 130048 256 3
WRITE 130304 256 4
WRITE 130560 256 5
WRITE 130816 256 6
WRITE 131072 256 7
WRITE 131328 256 8
WRITE 131584 256 9
WRITE 131840 256 10
WRITE 132096 256 11
WRITE 132352 256 12
READ 262144 256 0
READ 262400 256 0
READ 262656 256 0
READ 262912 256 0
READ 263168 256 0
READ 263424 256 0
READ 263680 256 0
READ 263936 256 0
READ 264192 256 0
READ 264448 256 0
READ 264704 256 0
READ 264960 256 0
READ 265216 256 0
READ 265472 256 0
READ 265728 256 0
READ 265984 256 0
WRITE 262144 256 0
WRITE 262400 256 1
WRITE 262656 256 2
WRITE 262912 256 3
WRITE 263168 256 4
WRITE 263424 256 5
WRITE 263680 256 6
WRITE 263936 256 7
WRITE 264192 256 8
WRITE 264448 256 9
WRITE 264704 256 10
WRITE 264960 256 11
WRITE 265216 256 12
WRITE 265472 256 13
WRITE 265728 256 14
WRITE 265984 256 15
READ 427776 256 0
WRITE 427776 256 135
READ 384768 256 0
READ 385024 256 0
READ 385280 256 0
READ 385536 256 0
READ 385792 256 0
READ 386048 256 0
READ 386304 256 0
READ 386560 256 0
READ 386816 256 0
READ 387072 256 0
READ 387328 256 0
READ 387584 256 0
READ 387840 256 0
READ 388096 256 0
READ 388352 256 0
READ 388608 256 0
READ 388864 256 0
READ 389120 256 0
READ 389376 256 0
READ 389632 256 0
READ 389888 256 0
READ 390144 256 0
READ 390400 256 0
READ 390656 256 0
WRITE 384768 256 223
WRITE 385024 256 224
WRITE 385280 256 225
WRITE 385536 256 226
WRITE 385792 256 227
WRITE 386048 256 228
WRITE 386304 256 229
WRITE 386560 256 230
WRITE 386816 256 231
WRITE 387072 256 232
WRITE 387328 256 233
WRITE 387584 256 234
WRITE 387840 256 235
WRITE 388096 256 236
WRITE 388352 256 237
WRITE 388608 256 238
WRITE 388864 256 239
WRITE 389120 256 240
WRITE 389376 256 241
WRITE 389632 256 242
WRITE 389888 256 243
WRITE 390144 256 244
WRITE 390400 256 245
WRITE 390656 256 246
READ 786432 256 0
READ 786688 256 0
READ 786944 256 0
READ 787200 256 0
READ 787456 256 0
READ 787712 256 0
READ 787968 256 0
READ 788224 256 0
WRITE 786432 256 77
WRITE 786688 256 78
WRITE 786944 256 79
WRITE 787200 256 80
WRITE 787456 256 81
WRITE 787712 256 82
WRITE 787968 256 83
WRITE 788224 256 84
READ 260608 256 0
READ 260864 256 0
READ 261120 256 0
READ 261376 256 0
READ 261632 256 0
READ 261888 256 0
READ 262144 256 0
READ 262400 256 0
READ 262656 256 0
READ 262912 256 0
READ 263168 256 0
READ 263424 256 0
WRITE 260608 256 3
WRITE 260864 256 4
WRITE 261120 256 5
WRITE 261376 256 6
WRITE 261632 256 7
WRITE 261888 256 8
WRITE 262144 256 9
WRITE 262400 256 10
WRITE 262656 256 11
WRITE 262912 256 12
WRITE 263168 256 13
WRITE 263424 256 14
READ 524288 256 0
READ 524544 256 0
READ 524800 256 0
READ 525056 256 0
READ 525312 256 0
READ 525568 256 0
READ 525824 256 0
READ 526080 256 0
READ 526336 256 0
READ 526592 256 0
READ 526848 256 0
READ 527104 256 0
READ 527360 256 0
READ 527616 256 0
READ 527872 256 0
READ 528128 256 0
WRITE 524288 256 0
WRITE 524544 256 1
WRITE 524800 256 2
WRITE 525056 256 3
WRITE 525312 256 4
WRITE 525568 256 5
WRITE 525824 256 6
WRITE 526080 256 7
WRITE 526336 256 8
WRITE 526592 256 9
WRITE 526848 256 10
WRITE 527104 256 11
WRITE 527360 256 12
WRITE 527616 256 13
WRITE 527872 256 14
WRITE 528128 256 15
READ 704512 256 0
WRITE 704512 256 192
READ 1018624 256 0
READ 1018880 256 0
READ 1019136 256 0
READ 1019392 256 0
READ 1019648 256 0
READ 1019904 256 0
READ 1020160 256 0
READ 1020416 256 0
READ 1020672 256 0
READ 1020928 256 0
READ 1021184 256 0
READ 1021440 256 0
READ 1021696 256 0
READ 1021952 256 0
READ 1022208 256 0
READ 1022464 256 0
READ 1022720 256 0
READ 1022976 256 0
READ 1023232 256 0
READ 1023488 256 0
READ 1023744 256 0
READ 1024000 256 0
READ 1024256 256 0
READ 1024512 256 0
WRITE 1018624 256 139
WRITE 1018880 256 140
WRITE 1019136 256 141
WRITE 1019392 256 142
WRITE 1019648 256 143
WRITE 1019904 256 144
WRITE 1020160 256 145
WRITE 1020416 256 146
WRITE 1020672 256 147
WRITE 1020928 256 148
WRITE 1021184 256 149
WRITE 1021440 256 150
WRITE 1021696 256 151
WRITE 1021952 256 152
WRITE 1022208 256 153
WRITE 1022464 256 154
WRITE 1022720 256 155
WRITE 1022976 256 156
WRITE 1023232 256 157
WRITE 1023488 256 158
WRITE 1023744 256 159
WRITE 1024000 256 160
WRITE 1024256 256 161
WRITE 1024512 256 162
READ 262144 256 0
READ 262400 256 0
READ 262656 256 0
READ 262912 256 0
READ 263168 256 0
READ 263424 256 0
READ 263680 256 0
READ 263936 256 0
WRITE 262144 256 77
WRITE 262400 256 78
WRITE 262656 256 79
WRITE 262912 256 80
WRITE 263168 256 81
WRITE 263424 256 82
WRITE 263680 256 83
WRITE 263936 256 84
READ 522752 256 0
READ 523008 256 0
READ 523264 256 0
READ 523520 256 0
READ 523776 256 0
READ 524032 256 0
READ 524288 256 0
READ 524544 256 0
READ 524800 256 0
READ 525056 256 0
READ 525312 256 0
READ 525568 256 0
WRITE 522752 256 7
WRITE 523008 256 8
WRITE 523264 256 9
WRITE 523520 256 10
WRITE 523776 256 11
WRITE 524032 256 12
WRITE 524288 256 13
WRITE 524544 256 14
WRITE 524800 256 15
WRITE 525056 256 16
WRITE 525312 256 17
WRITE 525568 256 18
READ 61440 256 0
READ 61696 256 0
READ 61952 256 0
READ 62208 256 0
READ 62464 256 0
READ 62720 256 0
READ 62976 256 0
READ 63232 256 0
READ 63488 256 0
READ 63744 256 0
READ 64000 256 0
READ 64256 256 0
READ 64512 256 0
READ 64768 256 0
READ 65024 256 0
READ 65280 256 0
WRITE 61440 256 240
WRITE 61696 256 241
WRITE 61952 256 242
WRITE 62208 256 243
WRITE 62464 256 244
WRITE 62720 256 245
WRITE 62976 256 246
WRITE 63232 256 247
WRITE 63488 256 248
WRITE 63744 256 249
WRITE 64000 256 250
WRITE 64256 256 251
WRITE 64512 256 252
WRITE 64768 256 253
WRITE 65024 256 254
WRITE 65280 256 255
READ 486400 256 0
WRITE 486400 256 108
READ 944896 256 0
READ 945152 256 0
READ 945408 256 0
READ 945664 256 0
READ 945920 256 0
READ 946176 256 0
READ 946432 256 0
READ 946688 256 0
READ 946944 256 0
READ 947200 256 0
READ 947456 256 0
READ 947712 256 0
READ 947968 256 0
READ 948224 256 0
READ 948480 256 0
READ 948736 256 0
READ 948992 256 0
READ 949248 256 0
READ 949504 256 0
READ 949760 256 0
READ 950016 256 0
READ 950272 256 0
READ 950528 256 0
READ 950784 256 0
WRITE 944896 256 107
WRITE 945152 256 108
WRITE 945408 256 109
WRITE 945664 256 110
WRITE 945920 256 111
WRITE 946176 256 112
WRITE 946432 256 113
WRITE 946688 256 114
WRITE 946944 256 115
WRITE 947200 256 116
WRITE 947456 256 117
WRITE 947712 256 118
WRITE 947968 256 119
WRITE 948224 256 120
WRITE 948480 256 121
WRITE 948736 256 122
WRITE 948992 256 123
WRITE 949248 256 124
WRITE 949504 256 125
WRITE 949760 256 126
WRITE 950016 256 127
WRITE 950272 256 128
WRITE 950528 256 129
WRITE 950784 256 130
READ 983040 256 0
READ 983296 256 0
READ 983552 256 0
READ 983808 256 0
READ 984064 256 0
READ 984320 256 0
READ 984576 256 0
READ 984832 256 0
WRITE 983040 256 77
WRITE 983296 256 78
WRITE 983552 256 79
WRITE 983808 256 80
WRITE 984064 256 81
WRITE 984320 256 82
WRITE 984576 256 83
WRITE 984832 256 84
READ 129536 256 0
READ 129792 256 0
READ 130048 256 0
READ 130304 256 0
READ 130560 256 0
READ 130816 256 0
READ 131072 256 0
READ 131328 256 0
READ 131584 256 0
READ 131840 256 0
READ 132096 256 0
READ 132352 256 0
WRITE 129536 256 1
WRITE 129792 256 2
WRITE 130048 256 3
WRITE 130304 256 4
WRITE 130560 256 5
WRITE 130816 256 6
WRITE 131072 256 7
WRITE 131328 256 8
WRITE 131584 256 9
WRITE 131840 256 10
WRITE 132096 256 11
WRITE 132352 256 12
READ 983040 256 0
READ 983296 256 0
READ 983552 256 0
READ 983808 256 0
READ 984064 256 0
READ 984320 256 0
READ 984576 256 0
READ 984832 256 0
READ 985088 256 0
READ 985344 256 0
READ 985600 256 0
READ 985856 256 0
READ 986112 256 0
READ 986368 256 0
READ 986624 256 0
READ 986880 256 0
WRITE 983040 256 0
WRITE 983296 256 1
WRITE 983552 256 2
WRITE 983808 256 3
WRITE 984064 256 4
WRITE 984320 256 5
WRITE 984576 256 6
WRITE 984832 256 7
WRITE 985088 256 8
WRITE 985344 256 9
WRITE 985600 256 10
WRITE 985856 256 11
WRITE 986112 256 12
WRITE 986368 256 13
WRITE 986624 256 14
WRITE 986880 256 15
READ 577024 256 0
WRITE 577024 256 206
READ 425472 256 0
READ 425728 256 0
READ 425984 256 0
READ 426240 256 0
READ 426496 256 0
READ 426752 256 0
READ 427008 256 0
READ 427264 256 0
READ 427520 256 0
READ 427776 256 0
READ 428032 256 0
READ 428288 256 0
READ 428544 256 0
READ 428800 256 0
READ 429056 256 0
READ 429312 256 0
READ 429568 256 0
READ 429824 256 0
READ 430080 256 0
READ 430336 256 0
READ 430592 256 0
READ 430848 256 0
READ 431104 256 0
READ 431360 256 0
WRITE 425472 256 126
WRITE 425728 256 127
WRITE 425984 256 128
WRITE 426240 256 129
WRITE 426496 256 130
WRITE 426752 256 131
WRITE 427008 256 132
WRITE 427264 256 133
WRITE 427520 256 134
WRITE 427776 256 135
WRITE 428032 256 136
WRITE 428288 256 137
WRITE 428544 256 138
WRITE 428800 256 139
WRITE 429056 256 140
WRITE 429312 256 141
WRITE 429568 256 142
WRITE 429824 256 143
WRITE 430080 256 144
WRITE 430336 256 145
WRITE 430592 256 146
WRITE 430848 256 147
WRITE 431104 256 148
WRITE 431360 256 149
READ 0 256 0
READ 256 256 0
READ 512 256 0
READ 768 256 0
READ 1024 256 0
READ 1280 256 0
READ 1536 256 0
READ 1792 256 0
WRITE 0 256 77
WRITE 256 256 78
WRITE 512 256 79
WRITE 768 256 80
WRITE 1024 256 81
WRITE 1280 256 82
WRITE 1536 256 83
WRITE 1792 256 84
READ 260608 256 0
READ 260864 256 0
READ 261120 256 0
READ 261376 256 0
READ 261632 256 0
READ 261888 256 0
READ 262144 256 0
READ 262400 256 0
READ 262656 256 0
READ 262912 256 0
READ 263168 256 0
READ 263424 256 0
WRITE 260608 256 3
WRITE 260864 256 4
WRITE 261120 256 5
WRITE 261376 256 6
WRITE 261632 256 7
WRITE 261888 256 8
WRITE 262144 256 9
WRITE 262400 256 10
WRITE 262656 256 11
WRITE 262912 256 12
WRITE 263168 256 13
WRITE 263424 256 14
READ 524288 256 0
READ 524544 256 0
READ 524800 256 0
READ 525056 256 0
READ 525312 256 0
READ 525568 256 0
READ 525824 256 0
READ 526080 256 0
READ 526336 256 0
READ 526592 256 0
READ 526848 256 0
READ 527104 256 0
READ 527360 256 0
READ 527616 256 0
READ 527872 256 0
READ 528128 256 0
WRITE 524288 256 0
WRITE 524544 256 1
WRITE 524800 256 2
WRITE 525056 256 3
WRITE 525312 256 4
WRITE 525568 256 5
WRITE 525824 256 6
WRITE 526080 256 7
WRITE 526336 256 8
WRITE 526592 256 9
WRITE 526848 256 10
WRITE 527104 256 11
WRITE 527360 256 12
WRITE 527616 256 13
WRITE 527872 256 14
WRITE 528128 256 15
READ 813056 256 0
WRITE 813056 256 104
READ 693760 256 0
READ 694016 256 0
READ 694272 256 0
READ 694528 256 0
READ 694784 256 0
READ 695040 256 0
READ 695296 256 0
READ 695552 256 0
READ 695808 256 0
READ 696064 256 0
READ 696320 256 0
READ 696576 256 0
READ 696832 256 0
READ 697088 256 0
READ 697344 256 0
READ 697600 256 0
READ 697856 256 0
READ 698112 256 0
READ 698368 256 0
READ 698624 256 0
READ 698880 256 0
READ 699136 256 0
READ 699392 256 0
READ 699648 256 0
WRITE 693760 256 150
WRITE 694016 256 151
WRITE 694272 256 152
WRITE 694528 256 153
WRITE 694784 256 154
WRITE 695040 256 155
WRITE 695296 256 156
WRITE 695552 256 157
WRITE 695808 256 158
WRITE 696064 256 159
WRITE 696320 256 160
WRITE 696576 256 161
WRITE 696832 256 162
WRITE 697088 256 163
WRITE 697344 256 164
WRITE 697600 256 165
WRITE 697856 256 166
WRITE 698112 256 167
WRITE 698368 256 168
WRITE 698624 256 169
WRITE 698880 256 170
WRITE 699136 256 171
WRITE 699392 256 172
WRITE 699648 256 173
READ 786432 256 0
READ 786688 256 0
READ 786944 256 0
READ 787200 256 0
READ 787456 256 0
READ 787712 256 0
READ 787968 256 0
READ 788224 256 0
WRITE 786432 256 77
WRITE 786688 256 78
WRITE 786944 256 79
WRITE 787200 256 80
WRITE 787456 256 81
WRITE 787712 256 82
WRITE 787968 256 83
WRITE 788224 256 84
READ 588288 256 0
READ 588544 256 0
READ 588800 256 0
READ 589056 256 0
READ 589312 256 0
READ 589568 256 0
READ 589824 256 0
READ 590080 256 0
READ 590336 256 0
READ 590592 256 0
READ 590848 256 0
READ 591104 256 0
WRITE 588288 256 8
WRITE 588544 256 9
WRITE 588800 256 10
WRITE 589056 256 11
WRITE 589312 256 12
WRITE 589568 256 13
WRITE 589824 256 14
WRITE 590080 256 15
WRITE 590336 256 16
WRITE 590592 256 17
WRITE 590848 256 18
WRITE 591104 256 19
READ 0 256 0
READ 256 256 0
READ 512 256 0
READ 768 256 0
READ 1024 256 0
READ 1280 256 0
READ 1536 256 0
READ 1792 256 0
READ 2048 256 0
READ 2304 256 0
READ 2560 256 0
READ 2816 256 0
READ 3072 256 0
READ 3328 256 0
READ 3584 256 0
READ 3840 256 0
WRITE 0 256 0
WRITE 256 256 1
WRITE 512 256 2
WRITE 768 256 3
WRITE 1024 256 4
WRITE 1280 256 5
WRITE 1536 256 6
WRITE 1792 256 7
WRITE 2048 256 8
WRITE 2304 256 9
WRITE 2560 256 10
WRITE 2816 256 11
WRITE 3072 256 12
WRITE 3328 256 13
WRITE 3584 256 14
WRITE 3840 256 15
READ 621312 256 0
WRITE 621312 256 123
READ 337408 256 0
READ 337664 256 0
READ 337920 256 0
READ 338176 256 0
READ 338432 256 0
READ 338688 256 0
READ 338944 256 0
READ 339200 256 0
READ 339456 256 0
READ 339712 256 0
READ 339968 256 0
READ 340224 256 0
READ 340480 256 0
READ 340736 256 0
READ 340992 256 0
READ 341248 256 0
READ 341504 256 0
READ 341760 256 0
READ 342016 256 0
READ 342272 256 0
READ 342528 256 0
READ 342784 256 0
READ 343040 256 0
READ 343296 256 0
WRITE 337408 256 38
WRITE 337664 256 39
WRITE 337920 256 40
WRITE 338176 256 41
WRITE 338432 256 42
WRITE 338688 256 43
WRITE 338944 256 44
WRITE 339200 256 45
WRITE 339456 256 46
WRITE 339712 256 47
WRITE 339968 256 48
WRITE 340224 256 49
WRITE 340480 256 50
WRITE 340736 256 51
WRITE 340992 256 52
WRITE 341248 256 53
WRITE 341504 256 54
WRITE 341760 256 55
WRITE 342016 256 56
WRITE 342272 256 57
WRITE 342528 256 58
WRITE 342784 256 59
WRITE 343040 256 60
WRITE 343296 256 61
READ 61440 256 0
READ 61696 256 0
READ 61952 256 0
READ 62208 256 0
READ 62464 256 0
READ 62720 256 0
READ 62976 256 0
READ 63232 256 0
WRITE 61440 256 61
WRITE 61696 256 62
WRITE 61952 256 63
WRITE 62208 256 64
WRITE 62464 256 65
WRITE 62720 256 66
WRITE 62976 256 67
WRITE 63232 256 68
READ 195072 256 0
READ 195328 256 0
READ 195584 256 0
READ 195840 256 0
READ 196096 256 0
READ 196352 256 0
READ 196608 256 0
READ 196864 256 0
READ 197120 256 0
READ 197376 256 0
READ 197632 256 0
READ 197888 256 0
WRITE 195072 256 2
WRITE 195328 256 3
WRITE 195584 256 4
WRITE 195840 256 5
WRITE 196096 256 6
WRITE 196352 256 7
WRITE 196608 256 8
WRITE 196864 256 9
WRITE 197120 256 10
WRITE 197376 256 11
WRITE 197632 256 12
WRITE 197888 256 13
READ 786432 256 0
READ 786688 256 0
READ 786944 256 0
READ 787200 256 0
READ 787456 256 0
READ 787712 256 0
READ 787968 256 0
READ 788224 256 0
READ 788480 256 0
READ 788736 256 0
READ 788992 256 0
READ 789248 256 0
READ 789504 256 0
READ 789760 256 0
READ 790016 256 0
READ 790272 256 0
WRITE 786432 256 0
WRITE 786688 256 1
WRITE 786944 256 2
WRITE 787200 256 3
WRITE 787456 256 4
WRITE 787712 256 5
WRITE 787968 256 6
WRITE 788224 256 7
WRITE 788480 256 8
WRITE 788736 256 9
WRITE 788992 256 10
WRITE 789248 256 11
WRITE 789504 256 12
WRITE 789760 256 13
WRITE 790016 256 14
WRITE 790272 256 15
READ 368384 256 0
WRITE 368384 256 159
READ 652544 256 0
READ 652800 256 0
READ 653056 256 0
READ 653312 256 0
READ 653568 256 0
READ 653824 256 0
READ 654080 256 0
READ 654336 256 0
READ 654592 256 0
READ 654848 256 0
READ 655104 256 0
READ 655360 256 0
READ 655616 256 0
READ 655872 256 0
READ 656128 256 0
READ 656384 256 0
READ 656640 256 0
READ 656896 256 0
READ 657152 256 0
READ 657408 256 0
READ 657664 256 0
READ 657920 256 0
READ 658176 256 0
READ 658432 256 0
WRITE 652544 256 245
WRITE 652800 256 246
WRITE 653056 256 247
WRITE 653312 256 248
WRITE 653568 256 249
WRITE 653824 256 250
WRITE 654080 256 251
WRITE 654336 256 252
WRITE 654592 256 253
WRITE 654848 256 254
WRITE 655104 256 255
WRITE 655360 256 0
WRITE 655616 256 1
WRITE 655872 256 2
WRITE 656128 256 3
WRITE 656384 256 4
WRITE 656640 256 5
WRITE 656896 256 6
WRITE 657152 256 7
WRITE 657408 256 8
WRITE 657664 256 9
WRITE 657920 256 10
WRITE 658176 256 11
WRITE 658432 256 12
READ 786432 256 0
READ 786688 256 0
READ 786944 256 0
READ 787200 256 0
READ 787456 256 0
READ 787712 256 0
READ 787968 256 0
READ 788224 256 0
WRITE 786432 256 77
WRITE 786688 256 78
WRITE 786944 256 79
WRITE 787200 256 80
WRITE 787456 256 81
WRITE 787712 256 82
WRITE 787968 256 83
WRITE 788224 256 84
READ 588288 256 0
READ 588544 256 0
READ 588800 256 0
READ 589056 256 0
READ 589312 256 0
READ 589568 256 0
READ 589824 256 0
READ 590080 256 0
READ 590336 256 0
READ 590592 256 0
READ 590848 256 0
READ 591104 256 0
WRITE 588288 256 8
WRITE 588544 256 9
WRITE 588800 256 10
WRITE 589056 256 11
WRITE 589312 256 12
WRITE 589568 256 13
WRITE 589824 256 14
WRITE 590080 256 15
WRITE 590336 256 16
WRITE 590592 256 17
WRITE 590848 256 18
WRITE 591104 256 19
READ 61440 256 0
READ 61696 256 0
READ 61952 256 0
READ 62208 256 0
READ 62464 256 0
READ 62720 256 0
READ 62976 256 0
READ 63232 256 0
READ 63488 256 0
READ 63744 256 0
READ 64000 256 0
READ 64256 256 0
READ 64512 256 0
READ 64768 256 0
READ 65024 256 0
READ 65280 256 0
WRITE 61440 256 240
WRITE 61696 256 241
WRITE 61952 256 242
WRITE 62208 256 243
WRITE 62464 256 244
WRITE 62720 256 245
WRITE 62976 256 246
WRITE 63232 256 247
WRITE 63488 256 248
WRITE 63744 256 249
WRITE 64000 256 250
WRITE 64256 256 251
WRITE 64512 256 252
WRITE 64768 256 253
WRITE 65024 256 254
WRITE 65280 256 255
READ 783360 256 0
WRITE 783360 256 244
READ 645888 256 0
READ 646144 256 0
READ 646400 256 0
READ 646656 256 0
READ 646912 256 0
READ 647168 256 0
READ 647424 256 0
READ 647680 256 0
READ 647936 256 0
READ 648192 256 0
READ 648448 256 0
READ 648704 256 0
READ 648960 256 0
READ 649216 256 0
READ 649472 256 0
READ 649728 256 0
READ 649984 256 0
READ 650240 256 0
READ 650496 256 0
READ 650752 256 0
READ 651008 256 0
READ 651264 256 0
READ 651520 256 0
READ 651776 256 0
WRITE 645888 256 219
WRITE 646144 256 220
WRITE 646400 256 221
WRITE 646656 256 222
WRITE 646912 256 223
WRITE 647168 256 224
WRITE 647424 256 225
WRITE 647680 256 226
WRITE 647936 256 227
WRITE 648192 256 228
WRITE 648448 256 229
WRITE 648704 256 230
WRITE 648960 256 231
WRITE 649216 256 232
WRITE 649472 256 233
WRITE 649728 256 234
WRITE 649984 256 235
WRITE 650240 256 236
WRITE 650496 256 237
WRITE 650752 256 238
WRITE 651008 256 239
WRITE 651264 256 240
WRITE 651520 256 241
WRITE 651776 256 242
READ 61440 256 0
READ 61696 256 0
READ 61952 256 0
READ 62208 256 0
READ 62464 256 0
READ 62720 256 0
READ 62976 256 0
READ 63232 256 0
WRITE 61440 256 61
WRITE 61696 256 62
WRITE 61952 256 63
WRITE 62208 256 64
WRITE 62464 256 65
WRITE 62720 256 66
WRITE 62976 256 67
WRITE 63232 256 68
READ 850432 256 0
READ 850688 256 0
READ 850944 256 0
READ 851200 256 0
READ 851456 256 0
READ 851712 256 0
READ 851968 256 0
READ 852224 256 0
READ 852480 256 0
READ 852736 256 0
READ 852992 256 0
READ 853248 256 0
WRITE 850432 256 12
WRITE 850688 256 13
WRITE 850944 256 14
WRITE 851200 256 15
WRITE 851456 256 16
WRITE 851712 256 17
WRITE 851968 256 18
WRITE 852224 256 19
WRITE 852480 256 20
WRITE 852736 256 21
WRITE 852992 256 22
WRITE 853248 256 23
READ 61440 256 0
READ 61696 256 0
READ 61952 256 0
READ 62208 256 0
READ 62464 256 0
READ 62720 256 0
READ 62976 256 0
READ 63232 256 0
READ 63488 256 0
READ 63744 256 0
READ 64000 256 0
READ 64256 256 0
READ 64512 256 0
READ 64768 256 0
READ 65024 256 0
READ 65280 256 0
WRITE 61440 256 240
WRITE 61696 256 241
WRITE 61952 256 242
WRITE 62208 256 243
WRITE 62464 256 244
WRITE 62720 256 245
WRITE 62976 256 246
WRITE 63232 256 247
WRITE 63488 256 248
WRITE 63744 256 249
WRITE 64000 256 250
WRITE 64256 256 251
WRITE 64512 256 252
WRITE 64768 256 253
WRITE 65024 256 254
WRITE 65280 256 255
READ 418048 256 0
WRITE 418048 256 97
READ 386304 256 0
READ 386560 256 0
READ 386816 256 0
READ 387072 256 0
READ 387328 256 0
READ 387584 256 0
READ 387840 256 0
READ 388096 256 0
READ 388352 256 0
READ 388608 256 0
READ 388864 256 0
READ 389120 256 0
READ 389376 256 0
READ 389632 256 0
READ 389888 256 0
READ 390144 256 0
READ 390400 256 0
READ 390656 256 0
READ 390912 256 0
READ 391168 256 0
READ 391424 256 0
READ 391680 256 0
READ 391936 256 0
READ 392192 256 0
WRITE 386304 256 229
WRITE 386560 256 230
WRITE 386816 256 231
WRITE 387072 256 232
WRITE 387328 256 233
WRITE 387584 256 234
WRITE 387840 256 235
WRITE 388096 256 236
WRITE 388352 256 237
WRITE 388608 256 238
WRITE 388864 256 239
WRITE 389120 256 240
WRITE 389376 256 241
WRITE 389632 256 242
WRITE 389888 256 243
WRITE 390144 256 244
WRITE 390400 256 245
WRITE 390656 256 246
WRITE 390912 256 247
WRITE 391168 256 248
WRITE 391424 256 249
WRITE 391680 256 250
WRITE 391936 256 251
WRITE 392192 256 252
READ 786432 256 0
READ 786688 256 0
READ 786944 256 0
READ 787200 256 0
READ 787456 256 0
READ 787712 256 0
READ 787968 256 0
READ 788224 256 0
WRITE 786432 256 77
WRITE 786688 256 78
WRITE 786944 256 79
WRITE 787200 256 80
WRITE 787456 256 81
WRITE 787712 256 82
WRITE 787968 256 83
WRITE 788224 256 84
READ 588288 256 0
READ 588544 256 0
READ 588800 256 0
READ 589056 256 0
READ 589312 256 0
READ 589568 256 0
READ 589824 256 0
READ 590080 256 0
READ 590336 256 0
READ 590592 256 0
READ 590848 256 0
READ 591104 256 0
WRITE 588288 256 8
WRITE 588544 256 9
WRITE 588800 256 10
WRITE 589056 256 11
WRITE 589312 256 12
WRITE 589568 256 13
WRITE 589824 256 14
WRITE 590080 256 15
WRITE 590336 256 16
WRITE 590592 256 17
WRITE 590848 256 18
WRITE 591104 256 19
READ 786432 256 0
READ 786688 256 0
READ 786944 256 0
READ 787200 256 0
READ 787456 256 0
READ 787712 256 0
READ 787968 256 0
READ 788224 256 0
READ 788480 256 0
READ 788736 256 0
READ 788992 256 0
READ 789248 256 0
READ 789504 256 0
READ 789760 256 0
READ 790016 256 0
READ 790272 256 0
WRITE 786432 256 0
WRITE 786688 256 1
WRITE 786944 256 2
WRITE 787200 256 3
WRITE 787456 256 4
WRITE 787712 256 5
WRITE 787968 256 6
WRITE 788224 256 7
WRITE 788480 256 8
WRITE 788736 256 9
WRITE 788992 256 10
WRITE 789248 256 11
WRITE 789504 256 12
WRITE 789760 256 13
WRITE 790016 256 14
WRITE 790272 256 15
READ 167680 256 0
WRITE 167680 256 143
READ 92160 256 0
READ 92416 256 0
READ 92672 256 0
READ 92928 256 0
READ 93184 256 0
READ 93440 256 0
READ 93696 256 0
READ 93952 256 0
READ 94208 256 0
READ 94464 256 0
READ 94720 256 0
READ 94976 256 0
READ 95232 256 0
READ 95488 256 0
READ 95744 256 0
READ 96000 256 0
READ 96256 256 0
READ 96512 256 0
READ 96768 256 0
READ 97024 256 0
READ 97280 256 0
READ 97536 256 0
READ 97792 256 0
READ 98048 256 0
WRITE 92160 256 104
WRITE 92416 256 105
WRITE 92672 256 106
WRITE 92928 256 107
WRITE 93184 256 108
WRITE 93440 256 109
WRITE 93696 256 110
WRITE 93952 256 111
WRITE 94208 256 112
WRITE 94464 256 113
WRITE 94720 256 114
WRITE 94976 256 115
WRITE 95232 256 116
WRITE 95488 256 117
WRITE 95744 256 118
WRITE 96000 256 119
WRITE 96256 256 120
WRITE 96512 256 121
WRITE 96768 256 122
WRITE 97024 256 123
WRITE 97280 256 124
WRITE 97536 256 125
WRITE 97792 256 126
WRITE 98048 256 127
READ 61440 256 0
READ 61696 256 0
READ 61952 256 0
READ 62208 256 0
READ 62464 256 0
READ 62720 256 0
READ 62976 256 0
READ 63232 256 0
WRITE 61440 256 61
WRITE 61696 256 62
WRITE 61952 256 63
WRITE 62208 256 64
WRITE 62464 256 65
WRITE 62720 256 66
WRITE 62976 256 67
WRITE 63232 256 68
READ 391680 256 0
READ 391936 256 0
READ 392192 256 0
READ 392448 256 0
READ 392704 256 0
READ 392960 256 0
READ 393216 256 0
READ 393472 256 0
READ 393728 256 0
READ 393984 256 0
READ 394240 256 0
READ 394496 256 0
WRITE 391680 256 5
WRITE 391936 256 6
WRITE 392192 256 7
WRITE 392448 256 8
WRITE 392704 256 9
WRITE 392960 256 10
WRITE 393216 256 11
WRITE 393472 256 12
WRITE 393728 256 13
WRITE 393984 256 14
WRITE 394240 256 15
WRITE 394496 256 16
READ 131072 256 0
READ 131328 256 0
READ 131584 256 0
READ 131840 256 0
READ 132096 256 0
READ 132352 256 0
READ 132608 256 0
READ 132864 256 0
READ 133120 256 0
READ 133376 256 0
READ 133632 256 0
READ 133888 256 0
READ 134144 256 0
READ 134400 256 0
READ 134656 256 0
READ 134912 256 0
WRITE 131072 256 0
WRITE 131328 256 1
WRITE 131584 256 2
WRITE 131840 256 3
WRITE 132096 256 4
WRITE 132352 256 5
WRITE 132608 256 6
WRITE 132864 256 7
WRITE 133120 256 8
WRITE 133376 256 9
WRITE 133632 256 10
WRITE 133888 256 11
WRITE 134144 256 12
WRITE 134400 256 13
WRITE 134656 256 14
WRITE 134912 256 15
READ 564480 256 0
WRITE 564480 256 157
READ 21504 256 0
READ 21760 256 0
READ 22016 256 0
READ 22272 256 0
READ 22528 256 0
READ 22784 256 0
READ 23040 256 0
READ 23296 256 0
READ 23552 256 0
READ 23808 256 0
READ 24064 256 0
READ 24320 256 0
READ 24576 256 0
READ 24832 256 0
READ 25088 256 0
READ 25344 256 0
READ 25600 256 0
READ 25856 256 0
READ 26112 256 0
READ 26368 256 0
READ 26624 256 0
READ 26880 256 0
READ 27136 256 0
READ 27392 256 0
WRITE 21504 256 84
WRITE 21760 256 85
WRITE 22016 256 86
WRITE 22272 256 87
WRITE 22528 256 88
WRITE 22784 256 89
WRITE 23040 256 90
WRITE 23296 256 91
WRITE 23552 256 92
WRITE 23808 256 93
WRITE 24064 256 94
WRITE 24320 256 95
WRITE 24576 256 96
WRITE 24832 256 97
WRITE 25088 256 98
WRITE 25344 256 99
WRITE 25600 256 100
WRITE 25856 256 101
WRITE 26112 256 102
WRITE 26368 256 103
WRITE 26624 256 104
WRITE 26880 256 105
WRITE 27136 256 106
WRITE 27392 256 107
READ 131072 256 0
READ 131328 256 0
READ 131584 256 0
READ 131840 256 0
READ 132096 256 0
READ 132352 256 0
READ 132608 256 0
READ 132864 256 0
WRITE 131072 256 77
WRITE 131328 256 78
WRITE 131584 256 79
WRITE 131840 256 80
WRITE 132096 256 81
WRITE 132352 256 82
WRITE 132608 256 83
WRITE 132864 256 84
READ 64000 256 0
READ 64256 256 0
READ 64512 256 0
READ 64768 256 0
READ 65024 256 0
READ 65280 256 0
READ 65536 256 0
READ 65792 256 0
READ 66048 256 0
READ 66304 256 0
READ 66560 256 0
READ 66816 256 0
WRITE 64000 256 0
WRITE 64256 256 1
WRITE 64512 256 2
WRITE 64768 256 3
WRITE 65024 256 4
WRITE 65280 256 5
WRITE 65536 256 6
WRITE 65792 256 7
WRITE 66048 256 8
WRITE 66304 256 9
WRITE 66560 256 10
WRITE 66816 256 11
READ 524288 256 0
READ 524544 256 0
READ 524800 256 0
READ 525056 256 0
READ 525312 256 0
READ 525568 256 0
READ 525824 256 0
READ 526080 256 0
READ 526336 256 0
READ 526592 256 0
READ 526848 256 0
READ 527104 256 0
READ 527360 256 0
READ 527616 256 0
READ 527872 256 0
READ 528128 256 0
WRITE 524288 256 0
WRITE 524544 256 1
WRITE 524800 256 2
WRITE 525056 256 3
WRITE 525312 256 4
WRITE 525568 256 5
WRITE 525824 256 6
WRITE 526080 256 7
WRITE 526336 256 8
WRITE 526592 256 9
WRITE 526848 256 10
WRITE 527104 256 11
WRITE 527360 256 12
WRITE 527616 256 13
WRITE 527872 256 14
WRITE 528128 256 15
READ 359168 256 0
WRITE 359168 256 123
READ 887296 256 0
READ 887552 256 0
READ 887808 256 0
READ 888064 256 0
READ 888320 256 0
READ 888576 256 0
READ 888832 256 0
READ 889088 256 0
READ 889344 256 0
READ 889600 256 0
READ 889856 256 0
READ 890112 256 0
READ 890368 256 0
READ 890624 256 0
READ 890880 256 0
READ 891136 256 0
READ 891392 256 0
READ 891648 256 0
READ 891904 256 0
READ 892160 256 0
READ 892416 256 0
READ 892672 256 0
READ 892928 256 0
READ 893184 256 0
WRITE 887296 256 138
WRITE 887552 256 139
WRITE 887808 256 140
WRITE 888064 256 141
WRITE 888320 256 142
WRITE 888576 256 143
WRITE 888832 256 144
WRITE 889088 256 145
WRITE 889344 256 146
WRITE 889600 256 147
WRITE 889856 256 148
WRITE 890112 256 149
WRITE 890368 256 150
WRITE 890624 256 151
WRITE 890880 256 152
WRITE 891136 256 153
WRITE 891392 256 154
WRITE 891648 256 155
WRITE 891904 256 156
WRITE 892160 256 157
WRITE 892416 256 158
WRITE 892672 256 159
WRITE 892928 256 160
WRITE 893184 256 161
READ 131072 256 0
READ 131328 256 0
READ 131584 256 0
READ 131840 256 0
READ 132096 256 0
READ 132352 256 0
READ 132608 256 0
READ 132864 256 0
WRITE 131072 256 77
WRITE 131328 256 78
WRITE 131584 256 79
WRITE 131840 256 80
WRITE 132096 256 81
WRITE 132352 256 82
WRITE 132608 256 83
WRITE 132864 256 84
READ 784896 256 0
READ 785152 256 0
READ 785408 256 0
READ 785664 256 0
READ 785920 256 0
READ 786176 256 0
READ 786432 256 0
READ 786688 256 0
READ 786944 256 0
READ 787200 256 0
READ 787456 256 0
READ 787712 256 0
WRITE 784896 256 11
WRITE 785152 256 12
WRITE 785408 256 13
WRITE 785664 256 14
WRITE 785920 256 15
WRITE 786176 256 16
WRITE 786432 256 17
WRITE 786688 256 18
WRITE 786944 256 19
WRITE 787200 256 20
WRITE 787456 256 21
WRITE 787712 256 22
READ 983040 256 0
READ 983296 256 0
READ 983552 256 0
READ 983808 256 0
READ 984064 256 0
READ 984320 256 0
READ 984576 256 0
READ 984832 256 0
READ 985088 256 0
READ 985344 256 0
READ 985600 256 0
READ 985856 256 0
READ 986112 256 0
READ 986368 256 0
READ 986624 256 0
READ 986880 256 0
WRITE 983040 256 0
WRITE 983296 256 1
WRITE 983552 256 2
WRITE 983808 256 3
WRITE 984064 256 4
WRITE 984320 256 5
WRITE 984576 256 6
WRITE 984832 256 7
WRITE 985088 256 8
WRITE 985344 256 9
WRITE 985600 256 10
WRITE 985856 256 11
WRITE 986112 256 12
WRITE 986368 256 13
WRITE 986624 256 14
WRITE 986880 256 15
READ 846592 256 0
WRITE 846592 256 235
READ 296704 256 0
READ 296960 256 0
READ 297216 256 0
READ 297472 256 0
READ 297728 256 0
READ 297984 256 0
READ 298240 256 0
READ 298496 256 0
READ 298752 256 0
READ 299008 256 0
READ 299264 256 0
READ 299520 256 0
READ 299776 256 0
READ 300032 256 0
READ 300288 256 0
READ 300544 256 0
READ 300800 256 0
READ 301056 256 0
READ 301312 256 0
READ 301568 256 0
READ 301824 256 0
READ 302080 256 0
READ 302336 256 0
READ 302592 256 0
WRITE 296704 256 135
WRITE 296960 256 136
WRITE 297216 256 137
WRITE 297472 256 138
WRITE 297728 256 139
WRITE 297984 256 140
WRITE 298240 256 141
WRITE 298496 256 142
WRITE 298752 256 143
WRITE 299008 256 144
WRITE 299264 256 145
WRITE 299520 256 146
WRITE 299776 256 147
WRITE 300032 256 148
WRITE 300288 256 149
WRITE 300544 256 150
WRITE 300800 256 151
WRITE 301056 256 152
WRITE 301312 256 153
WRITE 301568 256 154
WRITE 301824 256 155
WRITE 302080 256 156
WRITE 302336 256 157
WRITE 302592 256 158
READ 983040 256 0
READ 983296 256 0
READ 983552 256 0
READ 983808 256 0
READ 984064 256 0
READ 984320 256 0
READ 984576 256 0
READ 984832 256 0
WRITE 983040 256 77
WRITE 983296 256 78
WRITE 983552 256 79
WRITE 983808 256 80
WRITE 984064 256 81
WRITE 984320 256 82
WRITE 984576 256 83
WRITE 984832 256 84
READ 522752 256 0
READ 523008 256 0
READ 523264 256 0
READ 523520 256 0
READ 523776 256 0
READ 524032 256 0
READ 524288 256 0
READ 524544 256 0
READ 524800 256 0
READ 525056 256 0
READ 525312 256 0
READ 525568 256 0
WRITE 522752 256 7
WRITE 523008 256 8
WRITE 523264 256 9
WRITE 523520 256 10
WRITE 523776 256 11
WRITE 524032 256 12
WRITE 524288 256 13
WRITE 524544 256 14
WRITE 524800 256 15
WRITE 525056 256 16
WRITE 525312 256 17
WRITE 525568 256 18
READ 262144 256 0
READ 262400 256 0
READ 262656 256 0
READ 262912 256 0
READ 263168 256 0
READ 263424 256 0
READ 263680 256 0
READ 263936 256 0
READ 264192 256 0
READ 264448 256 0
READ 264704 256 0
READ 264960 256 0
READ 265216 256 0
READ 265472 256 0
READ 265728 256 0
READ 265984 256 0
WRITE 262144 256 0
WRITE 262400 256 1
WRITE 262656 256 2
WRITE 262912 256 3
WRITE 263168 256 4
WRITE 263424 256 5
WRITE 263680 256 6
WRITE 263936 256 7
WRITE 264192 256 8
WRITE 264448 256 9
WRITE 264704 256 10
WRITE 264960 256 11
WRITE 265216 256 12
WRITE 265472 256 13
WRITE 265728 256 14
WRITE 265984 256 15
READ 1030144 256 0
WRITE 1030144 256 184
READ 64256 256 0
READ 64512 256 0
READ 64768 256 0
READ 65024 256 0
READ 65280 256 0
READ 65536 256 0
READ 65792 256 0
READ 66048 256 0
READ 66304 256 0
READ 66560 256 0
READ 66816 256 0
READ 67072 256 0
READ 67328 256 0
READ 67584 256 0
READ 67840 256 0
READ 68096 256 0
READ 68352 256 0
READ 68608 256 0
READ 68864 256 0
READ 69120 256 0
READ 69376 256 0
READ 69632 256 0
READ 69888 256 0
READ 70144 256 0
WRITE 64256 256 251
WRITE 64512 256 252
WRITE 64768 256 253
WRITE 65024 256 254
WRITE 65280 256 255
WRITE 65536 256 0
WRITE 65792 256 1
WRITE 66048 256 2
WRITE 66304 256 3
WRITE 66560 256 4
WRITE 66816 256 5
WRITE 67072 256 6
WRITE 67328 256 7
WRITE 67584 256 8
WRITE 67840 256 9
WRITE 68096 256 10
WRITE 68352 256 11
WRITE 68608 256 12
WRITE 68864 256 13
WRITE 69120 256 14
WRITE 69376 256 15
WRITE 69632 256 16
WRITE 69888 256 17
WRITE 70144 256 18
READ 983040 256 0
READ 983296 256 0
READ 983552 256 0
READ 983808 256 0
READ 984064 256 0
READ 984320 256 0
READ 984576 256 0
READ 984832 256 0
WRITE 983040 256 77
WRITE 983296 256 78
WRITE 983552 256 79
WRITE 983808 256 80
WRITE 984064 256 81
WRITE 984320 256 82
WRITE 984576 256 83
WRITE 984832 256 84
READ 326144 256 0
READ 326400 256 0
READ 326656 256 0
READ 326912 256 0
READ 327168 256 0
READ 327424 256 0
READ 327680 256 0
READ 327936 256 0
READ 328192 256 0
READ 328448 256 0
READ 328704 256 0
READ 328960 256 0
WRITE 326144 256 4
WRITE 326400 256 5
WRITE 326656 256 6
WRITE 326912 256 7
WRITE 327168 256 8
WRITE 327424 256 9
WRITE 327680 256 10
WRITE 327936 256 11
WRITE 328192 256 12
WRITE 328448 256 13
WRITE 328704 256 14
WRITE 328960 256 15
READ 983040 256 0
READ 983296 256 0
READ 983552 256 0
READ 983808 256 0
READ 984064 256 0
READ 984320 256 0
READ 984576 256 0
READ 984832 256 0
READ 985088 256 0
READ 985344 256 0
READ 985600 256 0
READ 985856 256 0
READ 986112 256 0
READ 986368 256 0
READ 986624 256 0
READ 986880 256 0
WRITE 983040 256 0
WRITE 983296 256 1
WRITE 983552 256 2
WRITE 983808 256 3
WRITE 984064 256 4
WRITE 984320 256 5
WRITE 984576 256 6
WRITE 984832 256 7
WRITE 985088 256 8
WRITE 985344 256 9
WRITE 985600 256 10
WRITE 985856 256 11
WRITE 986112 256 12
WRITE 986368 256 13
WRITE 986624 256 14
WRITE 986880 256 15
READ 624128 256 0
WRITE 624128 256 134
READ 925184 256 0
READ 925440 256 0
READ 925696 256 0
READ 925952 256 0
READ 926208 256 0
READ 926464 256 0
READ 926720 256 0
READ 926976 256 0
READ 927232 256 0
READ 927488 256 0
READ 927744 256 0
READ 928000 256 0
READ 928256 256 0
READ 928512 256 0
READ 928768 256 0
READ 929024 256 0
READ 929280 256 0
READ 929536 256 0
READ 929792 256 0
READ 930048 256 0
READ 930304 256 0
READ 930560 256 0
READ 930816 256 0
READ 931072 256 0
WRITE 925184 256 30
WRITE 925440 256 31
WRITE 925696 256 32
WRITE 925952 256 33
WRITE 926208 256 34
WRITE 926464 256 35
WRITE 926720 256 36
WRITE 926976 256 37
WRITE 927232 256 38
WRITE 927488 256 39
WRITE 927744 256 40
WRITE 928000 256 41
WRITE 928256 256 42
WRITE 928512 256 43
WRITE 928768 256 44
WRITE 929024 256 45
WRITE 929280 256 46
WRITE 929536 256 47
WRITE 929792 256 48
WRITE 930048 256 49
WRITE 930304 256 50
WRITE 930560 256 51
WRITE 930816 256 52
WRITE 931072 256 53
READ 131072 256 0
READ 131328 256 0
READ 131584 256 0
READ 131840 256 0
READ 132096 256 0
READ 132352 256 0
READ 132608 256 0
READ 132864 256 0
WRITE 131072 256 77
WRITE 131328 256 78
WRITE 131584 256 79
WRITE 131840 256 80
WRITE 132096 256 81
WRITE 132352 256 82
WRITE 132608 256 83
WRITE 132864 256 84
READ 915968 256 0
READ 916224 256 0
READ 916480 256 0
READ 916736 256 0
READ 916992 256 0
READ 917248 256 0
READ 917504 256 0
READ 917760 256 0
READ 918016 256 0
READ 918272 256 0
READ 918528 256 0
READ 918784 256 0
WRITE 915968 256 13
WRITE 916224 256 14
WRITE 916480 256 15
WRITE 916736 256 16
WRITE 916992 256 17
WRITE 917248 256 18
WRITE 917504 256 19
WRITE 917760 256 20
WRITE 918016 256 21
WRITE 918272 256 22
WRITE 918528 256 23
WRITE 918784 256 24
READ 786432 256 0
READ 786688 256 0
READ 786944 256 0
READ 787200 256 0
READ 787456 256 0
READ 787712 256 0
READ 787968 256 0
READ 788224 256 0
READ 788480 256 0
READ 788736 256 0
READ 788992 256 0
READ 789248 256 0
READ 789504 256 0
READ 789760 256 0
READ 790016 256 0
READ 790272 256 0
WRITE 786432 256 0
WRITE 786688 256 1
WRITE 786944 256 2
WRITE 787200 256 3
WRITE 787456 256 4
WRITE 787712 256 5
WRITE 787968 256 6
WRITE 788224 256 7
WRITE 788480 256 8
WRITE 788736 256 9
WRITE 788992 256 10
WRITE 789248 256 11
WRITE 789504 256 12
WRITE 789760 256 13
WRITE 790016 256 14
WRITE 790272 256 15
READ 808704 256 0
WRITE 808704 256 87
READ 551680 256 0
READ 551936 256 0
READ 552192 256 0
READ 552448 256 0
READ 552704 256 0
READ 552960 256 0
READ 553216 256 0
READ 553472 256 0
READ 553728 256 0
READ 553984 256 0
READ 554240 256 0
READ 554496 256 0
READ 554752 256 0
READ 555008 256 0
READ 555264 256 0
READ 555520 256 0
READ 555776 256 0
READ 556032 256 0
READ 556288 256 0
READ 556544 256 0
READ 556800 256 0
READ 557056 256 0
READ 557312 256 0
READ 557568 256 0
WRITE 551680 256 107
WRITE 551936 256 108
WRITE 552192 256 109
WRITE 552448 256 110
WRITE 552704 256 111
WRITE 552960 256 112
WRITE 553216 256 113
WRITE 553472 256 114
WRITE 553728 256 115
WRITE 553984 256 116
WRITE 554240 256 117
WRITE 554496 256 118
WRITE 554752 256 119
WRITE 555008 256 120
WRITE 555264 256 121
WRITE 555520 256 122
WRITE 555776 256 123
WRITE 556032 256 124
WRITE 556288 256 125
WRITE 556544 256 126
WRITE 556800 256 127
WRITE 557056 256 128
WRITE 557312 256 129
WRITE 557568 256 130
READ 61440 256 0
READ 61696 256 0
READ 61952 256 0
READ 62208 256 0
READ 62464 256 0
READ 62720 256 0
READ 62976 256 0
READ 63232 256 0
WRITE 61440 256 61
WRITE 61696 256 62
WRITE 61952 256 63
WRITE 62208 256 64
WRITE 62464 256 65
WRITE 62720 256 66
WRITE 62976 256 67
WRITE 63232 256 68
READ 522752 256 0
READ 523008 256 0
READ 523264 256 0
READ 523520 256 0
READ 523776 256 0
READ 524032 256 0
READ 524288 256 0
READ 524544 256 0
READ 524800 256 0
READ 525056 256 0
READ 525312 256 0
READ 525568 256 0
WRITE 522752 256 7
WRITE 523008 256 8
WRITE 523264 256 9
WRITE 523520 256 10
WRITE 523776 256 11
WRITE 524032 256 12
WRITE 524288 256 13
WRITE 524544 256 14
WRITE 524800 256 15
WRITE 525056 256 16
WRITE 525312 256 17
WRITE 525568 256 18
SIGNALL
UNMOUNT
